0.001000, 4.472581, 0.008950, 2.697855
0.002000, 8.945063, 0.017801, 2.700264
0.003000, 8.944866, 0.026555, 2.526143
0.004000, 8.944572, 0.035211, 2.403171
0.005000, 8.944182, 0.043771, 2.308226
0.006000, 8.943697, 0.052236, 2.231005
0.007000, 8.943117, 0.060606, 2.166017
0.008000, 8.942445, 0.068884, 2.109979
0.009000, 8.941680, 0.077069, 2.060779
0.010000, 8.940823, 0.085163, 2.016970
0.011000, 8.939876, 0.093166, 1.977523
0.012000, 8.938840, 0.101080, 1.941676
0.013000, 8.937715, 0.108905, 1.908854
0.014000, 8.936502, 0.116642, 1.878605
0.015000, 8.935202, 0.124293, 1.850575
0.016000, 8.933816, 0.131857, 1.824476
0.017000, 8.932345, 0.139336, 1.800074
0.018000, 8.930789, 0.146731, 1.777175
0.019000, 8.929150, 0.154042, 1.755614
0.020000, 8.927428, 0.161270, 1.735255
0.021000, 8.925625, 0.168417, 1.715980
0.022000, 8.923740, 0.175482, 1.697688
0.023000, 8.921775, 0.182467, 1.680292
0.024000, 8.919731, 0.189373, 1.663713
0.025000, 8.917608, 0.196200, 1.647887
0.026000, 8.915407, 0.202950, 1.632752
0.027000, 8.913129, 0.209622, 1.618258
0.028000, 8.910774, 0.216218, 1.604357
0.029000, 8.908344, 0.222738, 1.591006
0.030000, 8.905839, 0.229183, 1.578170
0.031000, 8.903260, 0.235554, 1.565813
0.032000, 8.900608, 0.241852, 1.553905
0.033000, 8.897883, 0.248078, 1.542419
0.034000, 8.895087, 0.254231, 1.531328
0.035000, 8.892219, 0.260313, 1.520610
0.036000, 8.889280, 0.266325, 1.510244
0.037000, 8.886272, 0.272267, 1.500210
0.038000, 8.883195, 0.278140, 1.490490
0.039000, 8.880049, 0.283945, 1.481068
0.040000, 8.876836, 0.289682, 1.471928
0.041000, 8.873556, 0.295352, 1.463057
0.042000, 8.870209, 0.300955, 1.454441
0.043000, 8.866797, 0.306493, 1.446069
0.044000, 8.863319, 0.311966, 1.437928
0.045000, 8.859777, 0.317374, 1.430009
0.046000, 8.856172, 0.322718, 1.422301
0.047000, 8.852503, 0.328000, 1.414795
0.048000, 8.848772, 0.333219, 1.407483
0.049000, 8.844979, 0.338376, 1.400357
0.050000, 8.841124, 0.343472, 1.393408
0.051000, 8.837209, 0.348507, 1.386630
0.052000, 8.833234, 0.353482, 1.380016
0.053000, 8.829199, 0.358397, 1.373560
0.054000, 8.825106, 0.363254, 1.367255
0.055000, 8.820954, 0.368053, 1.361096
0.056000, 8.816745, 0.372793, 1.355077
0.057000, 8.812478, 0.377477, 1.349194
0.058000, 8.808155, 0.382104, 1.343442
0.059000, 8.803776, 0.386675, 1.337816
0.060000, 8.799342, 0.391191, 1.332312
0.061000, 8.794852, 0.395652, 1.326925
0.062000, 8.790309, 0.400058, 1.321652
0.063000, 8.785711, 0.404411, 1.316488
0.064000, 8.781061, 0.408710, 1.311432
0.065000, 8.776357, 0.412957, 1.306478
0.066000, 8.771601, 0.417152, 1.301624
0.067000, 8.766794, 0.421294, 1.296867
0.068000, 8.761935, 0.425386, 1.292203
0.069000, 8.757026, 0.429427, 1.287630
0.070000, 8.752067, 0.433418, 1.283146
0.071000, 8.747058, 0.437359, 1.278747
0.072000, 8.742000, 0.441251, 1.274432
0.073000, 8.736893, 0.445094, 1.270197
0.074000, 8.731738, 0.448889, 1.266040
0.075000, 8.726535, 0.452637, 1.261960
0.076000, 8.721285, 0.456337, 1.257954
0.077000, 8.715988, 0.459990, 1.254021
0.078000, 8.710645, 0.463598, 1.250157
0.079000, 8.705256, 0.467159, 1.246362
0.080000, 8.699822, 0.470675, 1.242634
0.081000, 8.694343, 0.474146, 1.238971
0.082000, 8.688819, 0.477572, 1.235370
0.083000, 8.683251, 0.480954, 1.231832
0.084000, 8.677640, 0.484293, 1.228353
0.085000, 8.671985, 0.487589, 1.224933
0.086000, 8.666288, 0.490842, 1.221570
0.087000, 8.660549, 0.494052, 1.218263
0.088000, 8.654767, 0.497221, 1.215010
0.089000, 8.648944, 0.500348, 1.211810
0.090000, 8.643080, 0.503434, 1.208663
0.091000, 8.637175, 0.506480, 1.205565
0.092000, 8.631231, 0.509485, 1.202518
0.093000, 8.625246, 0.512451, 1.199519
0.094000, 8.619222, 0.515376, 1.196567
0.095000, 8.613158, 0.518263, 1.193661
0.096000, 8.607056, 0.521111, 1.190800
0.097000, 8.600916, 0.523921, 1.187984
0.098000, 8.594738, 0.526693, 1.185210
0.099000, 8.588522, 0.529428, 1.182479
0.100000, 8.582269, 0.532125, 1.179790
0.101000, 8.575980, 0.534786, 1.177141
0.102000, 8.569653, 0.537410, 1.174531
0.103000, 8.563291, 0.539998, 1.171961
0.104000, 8.556894, 0.542550, 1.169428
0.105000, 8.550460, 0.545067, 1.166933
0.106000, 8.543992, 0.547549, 1.164474
0.107000, 8.537489, 0.549996, 1.162051
0.108000, 8.530952, 0.552409, 1.159663
0.109000, 8.524381, 0.554788, 1.157309
0.110000, 8.517776, 0.557134, 1.154989
0.111000, 8.511138, 0.559446, 1.152701
0.112000, 8.504468, 0.561725, 1.150446
0.113000, 8.497764, 0.563972, 1.148223
0.114000, 8.491028, 0.566186, 1.146031
0.115000, 8.484260, 0.568368, 1.143870
0.116000, 8.477461, 0.570519, 1.141738
0.117000, 8.470630, 0.572638, 1.139636
0.118000, 8.463768, 0.574727, 1.137563
0.119000, 8.456875, 0.576784, 1.135518
0.120000, 8.449952, 0.578811, 1.133501
0.121000, 8.442999, 0.580808, 1.131511
0.122000, 8.436016, 0.582775, 1.129548
0.123000, 8.429004, 0.584713, 1.127611
0.124000, 8.421962, 0.586621, 1.125700
0.125000, 8.414891, 0.588501, 1.123814
0.126000, 8.407792, 0.590352, 1.121954
0.127000, 8.400664, 0.592174, 1.120118
0.128000, 8.393508, 0.593969, 1.118306
0.129000, 8.386325, 0.595735, 1.116517
0.130000, 8.379114, 0.597474, 1.114752
0.131000, 8.371875, 0.599186, 1.113010
0.132000, 8.364610, 0.600871, 1.111290
0.133000, 8.357318, 0.602529, 1.109592
0.134000, 8.349999, 0.604160, 1.107916
0.135000, 8.342655, 0.605766, 1.106262
0.136000, 8.335284, 0.607345, 1.104628
0.137000, 8.327888, 0.608899, 1.103015
0.138000, 8.320466, 0.610428, 1.101422
0.139000, 8.313019, 0.611931, 1.099850
0.140000, 8.305547, 0.613409, 1.098297
0.141000, 8.298051, 0.614863, 1.096763
0.142000, 8.290530, 0.616292, 1.095248
0.143000, 8.282985, 0.617698, 1.093753
0.144000, 8.275416, 0.619079, 1.092275
0.145000, 8.267824, 0.620436, 1.090816
0.146000, 8.260207, 0.621770, 1.089374
0.147000, 8.252568, 0.623081, 1.087951
0.148000, 8.244906, 0.624369, 1.086544
0.149000, 8.237221, 0.625634, 1.085155
0.150000, 8.229513, 0.626877, 1.083782
0.151000, 8.221783, 0.628097, 1.082426
0.152000, 8.214031, 0.629295, 1.081086
0.153000, 8.206257, 0.630471, 1.079762
0.154000, 8.198462, 0.631626, 1.078454
0.155000, 8.190645, 0.632759, 1.077162
0.156000, 8.182807, 0.633871, 1.075885
0.157000, 8.174947, 0.634962, 1.074623
0.158000, 8.167067, 0.636032, 1.073376
0.159000, 8.159167, 0.637082, 1.072143
0.160000, 8.151246, 0.638111, 1.070925
0.161000, 8.143305, 0.639120, 1.069721
0.162000, 8.135343, 0.640109, 1.068532
0.163000, 8.127362, 0.641078, 1.067356
0.164000, 8.119362, 0.642027, 1.066193
0.165000, 8.111342, 0.642958, 1.065044
0.166000, 8.103303, 0.643869, 1.063909
0.167000, 8.095245, 0.644761, 1.062786
0.168000, 8.087167, 0.645634, 1.061676
0.169000, 8.079072, 0.646488, 1.060579
0.170000, 8.070958, 0.647324, 1.059495
0.171000, 8.062825, 0.648142, 1.058422
0.172000, 8.054675, 0.648942, 1.057362
0.173000, 8.046507, 0.649723, 1.056314
0.174000, 8.038320, 0.650487, 1.055278
0.175000, 8.030117, 0.651234, 1.054254
0.176000, 8.021896, 0.651963, 1.053240
0.177000, 8.013658, 0.652675, 1.052239
0.178000, 8.005402, 0.653370, 1.051248
0.179000, 7.997130, 0.654048, 1.050269
0.180000, 7.988841, 0.654709, 1.049300
0.181000, 7.980536, 0.655354, 1.048342
0.182000, 7.972214, 0.655983, 1.047395
0.183000, 7.963876, 0.656595, 1.046458
0.184000, 7.955522, 0.657191, 1.045532
0.185000, 7.947153, 0.657771, 1.044616
0.186000, 7.938767, 0.658336, 1.043710
0.187000, 7.930366, 0.658885, 1.042813
0.188000, 7.921949, 0.659418, 1.041927
0.189000, 7.913518, 0.659937, 1.041050
0.190000, 7.905071, 0.660440, 1.040183
0.191000, 7.896609, 0.660928, 1.039325
0.192000, 7.888132, 0.661402, 1.038477
0.193000, 7.879641, 0.661861, 1.037637
0.194000, 7.871135, 0.662305, 1.036807
0.195000, 7.862615, 0.662735, 1.035985
0.196000, 7.854080, 0.663150, 1.035173
0.197000, 7.845532, 0.663552, 1.034369
0.198000, 7.836969, 0.663940, 1.033574
0.199000, 7.828393, 0.664314, 1.032787
0.200000, 7.819803, 0.664674, 1.032009
0.201000, 7.811200, 0.665020, 1.031239
0.202000, 7.802583, 0.665354, 1.030477
0.203000, 7.793953, 0.665674, 1.029723
0.204000, 7.785309, 0.665981, 1.028978
0.205000, 7.776653, 0.666274, 1.028240
0.206000, 7.767984, 0.666555, 1.027509
0.207000, 7.759302, 0.666824, 1.026787
0.208000, 7.750607, 0.667079, 1.026072
0.209000, 7.741900, 0.667322, 1.025365
0.210000, 7.733181, 0.667553, 1.024665
0.211000, 7.724449, 0.667772, 1.023972
0.212000, 7.715706, 0.667978, 1.023287
0.213000, 7.706950, 0.668172, 1.022609
0.214000, 7.698182, 0.668355, 1.021938
0.215000, 7.689403, 0.668526, 1.021273
0.216000, 7.680612, 0.668685, 1.020616
0.217000, 7.671809, 0.668832, 1.019965
0.218000, 7.662995, 0.668968, 1.019322
0.219000, 7.654170, 0.669093, 1.018685
0.220000, 7.645333, 0.669207, 1.018054
0.221000, 7.636486, 0.669309, 1.017430
0.222000, 7.627627, 0.669401, 1.016812
0.223000, 7.618758, 0.669482, 1.016201
0.224000, 7.609878, 0.669552, 1.015596
0.225000, 7.600987, 0.669611, 1.014997
0.226000, 7.592085, 0.669660, 1.014404
0.227000, 7.583174, 0.669698, 1.013817
0.228000, 7.574252, 0.669726, 1.013237
0.229000, 7.565319, 0.669744, 1.012662
0.230000, 7.556377, 0.669752, 1.012093
0.231000, 7.547424, 0.669749, 1.011529
0.232000, 7.538462, 0.669737, 1.010972
0.233000, 7.529490, 0.669715, 1.010420
0.234000, 7.520508, 0.669683, 1.009874
0.235000, 7.511516, 0.669642, 1.009333
0.236000, 7.502515, 0.669590, 1.008797
0.237000, 7.493504, 0.669530, 1.008267
0.238000, 7.484484, 0.669460, 1.007743
0.239000, 7.475455, 0.669381, 1.007223
0.240000, 7.466417, 0.669293, 1.006709
0.241000, 7.457369, 0.669196, 1.006200
0.242000, 7.448313, 0.669089, 1.005696
0.243000, 7.439248, 0.668974, 1.005197
0.244000, 7.430173, 0.668850, 1.004703
0.245000, 7.421091, 0.668718, 1.004214
0.246000, 7.411999, 0.668576, 1.003729
0.247000, 7.402899, 0.668426, 1.003250
0.248000, 7.393791, 0.668268, 1.002775
0.249000, 7.384674, 0.668101, 1.002305
0.250000, 7.375549, 0.667926, 1.001840
0.251000, 7.366415, 0.667743, 1.001379
0.252000, 7.357274, 0.667552, 1.000923
0.253000, 7.348124, 0.667352, 1.000471
0.254000, 7.338967, 0.667145, 1.000024
0.255000, 7.329802, 0.666930, 0.999581
0.256000, 7.320628, 0.666707, 0.999143
0.257000, 7.311448, 0.666476, 0.998709
0.258000, 7.302259, 0.666238, 0.998279
0.259000, 7.293063, 0.665992, 0.997853
0.260000, 7.283859, 0.665738, 0.997431
0.261000, 7.274648, 0.665477, 0.997014
0.262000, 7.265430, 0.665209, 0.996600
0.263000, 7.256204, 0.664933, 0.996191
0.264000, 7.246971, 0.664651, 0.995786
0.265000, 7.237731, 0.664361, 0.995384
0.266000, 7.228484, 0.664064, 0.994987
0.267000, 7.219230, 0.663760, 0.994593
0.268000, 7.209969, 0.663449, 0.994203
0.269000, 7.200701, 0.663131, 0.993817
0.270000, 7.191426, 0.662807, 0.993434
0.271000, 7.182145, 0.662475, 0.993056
0.272000, 7.172857, 0.662138, 0.992681
0.273000, 7.163562, 0.661793, 0.992309
0.274000, 7.154261, 0.661442, 0.991941
0.275000, 7.144954, 0.661085, 0.991577
0.276000, 7.135640, 0.660721, 0.991216
0.277000, 7.126319, 0.660351, 0.990859
0.278000, 7.116993, 0.659974, 0.990505
0.279000, 7.107660, 0.659591, 0.990155
0.280000, 7.098321, 0.659203, 0.989807
0.281000, 7.088976, 0.658808, 0.989464
0.282000, 7.079625, 0.658407, 0.989123
0.283000, 7.070268, 0.658000, 0.988786
0.284000, 7.060905, 0.657587, 0.988452
0.285000, 7.051536, 0.657169, 0.988121
0.286000, 7.042162, 0.656744, 0.987793
0.287000, 7.032782, 0.656314, 0.987468
0.288000, 7.023396, 0.655878, 0.987147
0.289000, 7.014004, 0.655437, 0.986828
0.290000, 7.004607, 0.654990, 0.986513
0.291000, 6.995204, 0.654537, 0.986200
0.292000, 6.985796, 0.654080, 0.985891
0.293000, 6.976383, 0.653616, 0.985584
0.294000, 6.966964, 0.653148, 0.985281
0.295000, 6.957540, 0.652674, 0.984980
0.296000, 6.948111, 0.652195, 0.984682
0.297000, 6.938676, 0.651710, 0.984387
0.298000, 6.929237, 0.651221, 0.984094
0.299000, 6.919792, 0.650726, 0.983805
0.300000, 6.910342, 0.650227, 0.983518
0.301000, 6.900888, 0.649722, 0.983233
0.302000, 6.891428, 0.649212, 0.982952
0.303000, 6.881963, 0.648698, 0.982673
0.304000, 6.872494, 0.648179, 0.982397
0.305000, 6.863020, 0.647655, 0.982123
0.306000, 6.853541, 0.647126, 0.981852
0.307000, 6.844058, 0.646593, 0.981583
0.308000, 6.834569, 0.646055, 0.981317
0.309000, 6.825077, 0.645512, 0.981054
0.310000, 6.815579, 0.644965, 0.980792
0.311000, 6.806077, 0.644413, 0.980534
0.312000, 6.796571, 0.643857, 0.980277
0.313000, 6.787060, 0.643296, 0.980023
0.314000, 6.777545, 0.642731, 0.979772
0.315000, 6.768026, 0.642162, 0.979523
0.316000, 6.758502, 0.641589, 0.979276
0.317000, 6.748974, 0.641011, 0.979031
0.318000, 6.739442, 0.640429, 0.978789
0.319000, 6.729906, 0.639843, 0.978549
0.320000, 6.720365, 0.639252, 0.978311
0.321000, 6.710821, 0.638658, 0.978075
0.322000, 6.701272, 0.638060, 0.977842
0.323000, 6.691720, 0.637457, 0.977610
0.324000, 6.682163, 0.636851, 0.977381
0.325000, 6.672603, 0.636241, 0.977154
0.326000, 6.663039, 0.635626, 0.976929
0.327000, 6.653471, 0.635008, 0.976706
0.328000, 6.643899, 0.634387, 0.976485
0.329000, 6.634323, 0.633761, 0.976266
0.330000, 6.624744, 0.633132, 0.976050
0.331000, 6.615160, 0.632499, 0.975835
0.332000, 6.605574, 0.631862, 0.975622
0.333000, 6.595983, 0.631222, 0.975411
0.334000, 6.586389, 0.630578, 0.975202
0.335000, 6.576792, 0.629931, 0.974995
0.336000, 6.567191, 0.629280, 0.974790
0.337000, 6.557586, 0.628626, 0.974586
0.338000, 6.547979, 0.627968, 0.974385
0.339000, 6.538367, 0.627307, 0.974185
0.340000, 6.528753, 0.626642, 0.973988
0.341000, 6.519135, 0.625974, 0.973792
0.342000, 6.509513, 0.625303, 0.973598
0.343000, 6.499889, 0.624629, 0.973405
0.344000, 6.490261, 0.623951, 0.973215
0.345000, 6.480630, 0.623270, 0.973026
0.346000, 6.470996, 0.622586, 0.972838
0.347000, 6.461358, 0.621899, 0.972653
0.348000, 6.451718, 0.621208, 0.972469
0.349000, 6.442074, 0.620515, 0.972287
0.350000, 6.432428, 0.619819, 0.972107
0.351000, 6.422778, 0.619119, 0.971928
0.352000, 6.413125, 0.618417, 0.971751
0.353000, 6.403470, 0.617711, 0.971575
0.354000, 6.393811, 0.617003, 0.971401
0.355000, 6.384150, 0.616291, 0.971228
0.356000, 6.374486, 0.615577, 0.971058
0.357000, 6.364819, 0.614860, 0.970888
0.358000, 6.355149, 0.614141, 0.970720
0.359000, 6.345476, 0.613418, 0.970554
0.360000, 6.335800, 0.612693, 0.970389
0.361000, 6.326122, 0.611965, 0.970226
0.362000, 6.316441, 0.611234, 0.970064
0.363000, 6.306758, 0.610500, 0.969904
0.364000, 6.297071, 0.609764, 0.969745
0.365000, 6.287383, 0.609025, 0.969587
0.366000, 6.277691, 0.608284, 0.969431
0.367000, 6.267997, 0.607540, 0.969276
0.368000, 6.258300, 0.606794, 0.969123
0.369000, 6.248601, 0.606045, 0.968971
0.370000, 6.238900, 0.605293, 0.968821
0.371000, 6.229196, 0.604539, 0.968671
0.372000, 6.219489, 0.603783, 0.968524
0.373000, 6.209780, 0.603024, 0.968377
0.374000, 6.200069, 0.602263, 0.968232
0.375000, 6.190355, 0.601499, 0.968088
0.376000, 6.180639, 0.600733, 0.967945
0.377000, 6.170921, 0.599965, 0.967804
0.378000, 6.161200, 0.599194, 0.967664
0.379000, 6.151477, 0.598422, 0.967525
0.380000, 6.141752, 0.597646, 0.967387
0.381000, 6.132024, 0.596869, 0.967251
0.382000, 6.122294, 0.596090, 0.967115
0.383000, 6.112563, 0.595308, 0.966981
0.384000, 6.102828, 0.594524, 0.966849
0.385000, 6.093092, 0.593738, 0.966717
0.386000, 6.083354, 0.592950, 0.966587
0.387000, 6.073613, 0.592159, 0.966457
0.388000, 6.063871, 0.591367, 0.966329
0.389000, 6.054126, 0.590572, 0.966202
0.390000, 6.044380, 0.589776, 0.966076
0.391000, 6.034631, 0.588977, 0.965952
0.392000, 6.024880, 0.588177, 0.965828
0.393000, 6.015128, 0.587374, 0.965705
0.394000, 6.005373, 0.586570, 0.965584
0.395000, 5.995616, 0.585763, 0.965463
0.396000, 5.985858, 0.584955, 0.965344
0.397000, 5.976098, 0.584145, 0.965226
0.398000, 5.966335, 0.583332, 0.965108
0.399000, 5.956571, 0.582518, 0.964992
0.400000, 5.946805, 0.581703, 0.964877
0.401000, 5.937037, 0.580885, 0.964763
0.402000, 5.927268, 0.580065, 0.964650
0.403000, 5.917496, 0.579244, 0.964538
0.404000, 5.907723, 0.578421, 0.964426
0.405000, 5.897948, 0.577596, 0.964316
0.406000, 5.888171, 0.576769, 0.964207
0.407000, 5.878393, 0.575941, 0.964099
0.408000, 5.868613, 0.575111, 0.963991
0.409000, 5.858831, 0.574279, 0.963885
0.410000, 5.849047, 0.573446, 0.963779
0.411000, 5.839262, 0.572611, 0.963675
0.412000, 5.829475, 0.571774, 0.963571
0.413000, 5.819687, 0.570936, 0.963469
0.414000, 5.809897, 0.570096, 0.963367
0.415000, 5.800105, 0.569254, 0.963266
0.416000, 5.790312, 0.568411, 0.963166
0.417000, 5.780517, 0.567567, 0.963067
0.418000, 5.770721, 0.566720, 0.962968
0.419000, 5.760923, 0.565873, 0.962871
0.420000, 5.751123, 0.565023, 0.962774
0.421000, 5.741323, 0.564173, 0.962679
0.422000, 5.731520, 0.563321, 0.962584
0.423000, 5.721716, 0.562467, 0.962490
0.424000, 5.711911, 0.561612, 0.962396
0.425000, 5.702104, 0.560755, 0.962304
0.426000, 5.692296, 0.559897, 0.962212
0.427000, 5.682487, 0.559038, 0.962121
0.428000, 5.672676, 0.558177, 0.962031
0.429000, 5.662863, 0.557315, 0.961942
0.430000, 5.653050, 0.556451, 0.961854
0.431000, 5.643235, 0.555586, 0.961766
0.432000, 5.633418, 0.554720, 0.961679
0.433000, 5.623600, 0.553852, 0.961593
0.434000, 5.613781, 0.552983, 0.961507
0.435000, 5.603961, 0.552113, 0.961422
0.436000, 5.594139, 0.551241, 0.961338
0.437000, 5.584316, 0.550369, 0.961255
0.438000, 5.574492, 0.549495, 0.961172
0.439000, 5.564667, 0.548619, 0.961091
0.440000, 5.554840, 0.547743, 0.961009
0.441000, 5.545012, 0.546865, 0.960929
0.442000, 5.535183, 0.545986, 0.960849
0.443000, 5.525353, 0.545106, 0.960770
0.444000, 5.515521, 0.544224, 0.960692
0.445000, 5.505688, 0.543342, 0.960614
0.446000, 5.495854, 0.542458, 0.960537
0.447000, 5.486019, 0.541573, 0.960461
0.448000, 5.476183, 0.540687, 0.960385
0.449000, 5.466346, 0.539800, 0.960310
0.450000, 5.456508, 0.538911, 0.960235
0.451000, 5.446668, 0.538022, 0.960162
0.452000, 5.436827, 0.537131, 0.960088
0.453000, 5.426986, 0.536240, 0.960016
0.454000, 5.417143, 0.535347, 0.959944
0.455000, 5.407299, 0.534453, 0.959873
0.456000, 5.397454, 0.533559, 0.959802
0.457000, 5.387608, 0.532663, 0.959732
0.458000, 5.377761, 0.531766, 0.959662
0.459000, 5.367913, 0.530868, 0.959594
0.460000, 5.358064, 0.529969, 0.959525
0.461000, 5.348214, 0.529069, 0.959458
0.462000, 5.338363, 0.528168, 0.959390
0.463000, 5.328511, 0.527266, 0.959324
0.464000, 5.318658, 0.526363, 0.959258
0.465000, 5.308804, 0.525460, 0.959192
0.466000, 5.298949, 0.524555, 0.959127
0.467000, 5.289093, 0.523649, 0.959063
0.468000, 5.279236, 0.522742, 0.958999
0.469000, 5.269378, 0.521835, 0.958936
0.470000, 5.259520, 0.520926, 0.958873
0.471000, 5.249660, 0.520017, 0.958811
0.472000, 5.239799, 0.519106, 0.958750
0.473000, 5.229938, 0.518195, 0.958688
0.474000, 5.220076, 0.517283, 0.958628
0.475000, 5.210213, 0.516370, 0.958568
0.476000, 5.200349, 0.515456, 0.958508
0.477000, 5.190484, 0.514541, 0.958449
0.478000, 5.180618, 0.513626, 0.958390
0.479000, 5.170752, 0.512709, 0.958332
0.480000, 5.160884, 0.511792, 0.958275
0.481000, 5.151016, 0.510874, 0.958217
0.482000, 5.141147, 0.509955, 0.958161
0.483000, 5.131277, 0.509035, 0.958105
0.484000, 5.121407, 0.508115, 0.958049
0.485000, 5.111535, 0.507194, 0.957994
0.486000, 5.101663, 0.506272, 0.957939
0.487000, 5.091790, 0.505349, 0.957885
0.488000, 5.081916, 0.504425, 0.957831
0.489000, 5.072042, 0.503501, 0.957777
0.490000, 5.062167, 0.502576, 0.957724
0.491000, 5.052291, 0.501650, 0.957672
0.492000, 5.042414, 0.500723, 0.957620
0.493000, 5.032536, 0.499796, 0.957568
0.494000, 5.022658, 0.498868, 0.957517
0.495000, 5.012779, 0.497939, 0.957466
0.496000, 5.002900, 0.497010, 0.957416
0.497000, 4.993019, 0.496079, 0.957366
0.498000, 4.983138, 0.495149, 0.957316
0.499000, 4.973257, 0.494217, 0.957267
0.500000, 4.963374, 0.493285, 0.957219
0.501000, 4.953491, 0.492352, 0.957170
0.502000, 4.943608, 0.491418, 0.957122
0.503000, 4.933723, 0.490484, 0.957075
0.504000, 4.923838, 0.489549, 0.957028
0.505000, 4.913953, 0.488614, 0.956981
0.506000, 4.904066, 0.487677, 0.956935
0.507000, 4.894179, 0.486741, 0.956889
0.508000, 4.884292, 0.485803, 0.956843
0.509000, 4.874404, 0.484865, 0.956798
0.510000, 4.864515, 0.483926, 0.956753
0.511000, 4.854625, 0.482987, 0.956709
0.512000, 4.844735, 0.482047, 0.956665
0.513000, 4.834845, 0.481107, 0.956621
0.514000, 4.824953, 0.480166, 0.956577
0.515000, 4.815062, 0.479224, 0.956534
0.516000, 4.805169, 0.478282, 0.956492
0.517000, 4.795276, 0.477339, 0.956450
0.518000, 4.785383, 0.476396, 0.956408
0.519000, 4.775489, 0.475452, 0.956366
0.520000, 4.765594, 0.474507, 0.956325
0.521000, 4.755699, 0.473562, 0.956284
0.522000, 4.745803, 0.472616, 0.956243
0.523000, 4.735907, 0.471670, 0.956203
0.524000, 4.726010, 0.470724, 0.956163
0.525000, 4.716113, 0.469776, 0.956123
0.526000, 4.706215, 0.468829, 0.956084
0.527000, 4.696316, 0.467880, 0.956045
0.528000, 4.686418, 0.466932, 0.956006
0.529000, 4.676518, 0.465982, 0.955968
0.530000, 4.666618, 0.465032, 0.955930
0.531000, 4.656718, 0.464082, 0.955892
0.532000, 4.646817, 0.463131, 0.955855
0.533000, 4.636915, 0.462180, 0.955818
0.534000, 4.627014, 0.461228, 0.955781
0.535000, 4.617111, 0.460276, 0.955744
0.536000, 4.607208, 0.459323, 0.955708
0.537000, 4.597305, 0.458370, 0.955672
0.538000, 4.587401, 0.457417, 0.955637
0.539000, 4.577497, 0.456462, 0.955601
0.540000, 4.567592, 0.455508, 0.955566
0.541000, 4.557687, 0.454553, 0.955531
0.542000, 4.547782, 0.453597, 0.955497
0.543000, 4.537876, 0.452642, 0.955463
0.544000, 4.527969, 0.451685, 0.955429
0.545000, 4.518062, 0.450728, 0.955395
0.546000, 4.508155, 0.449771, 0.955361
0.547000, 4.498247, 0.448814, 0.955328
0.548000, 4.488339, 0.447856, 0.955295
0.549000, 4.478430, 0.446897, 0.955263
0.550000, 4.468521, 0.445938, 0.955230
0.551000, 4.458612, 0.444979, 0.955198
0.552000, 4.448702, 0.444019, 0.955166
0.553000, 4.438792, 0.443059, 0.955135
0.554000, 4.428881, 0.442099, 0.955103
0.555000, 4.418970, 0.441138, 0.955072
0.556000, 4.409059, 0.440176, 0.955041
0.557000, 4.399147, 0.439215, 0.955011
0.558000, 4.389235, 0.438253, 0.954980
0.559000, 4.379322, 0.437290, 0.954950
0.560000, 4.369409, 0.436328, 0.954920
0.561000, 4.359496, 0.435364, 0.954891
0.562000, 4.349582, 0.434401, 0.954861
0.563000, 4.339668, 0.433437, 0.954832
0.564000, 4.329754, 0.432473, 0.954803
0.565000, 4.319839, 0.431508, 0.954774
0.566000, 4.309924, 0.430543, 0.954746
0.567000, 4.300009, 0.429578, 0.954717
0.568000, 4.290093, 0.428612, 0.954689
0.569000, 4.280177, 0.427646, 0.954661
0.570000, 4.270260, 0.426680, 0.954634
0.571000, 4.260344, 0.425713, 0.954606
0.572000, 4.250427, 0.424746, 0.954579
0.573000, 4.240509, 0.423779, 0.954552
0.574000, 4.230591, 0.422811, 0.954525
0.575000, 4.220673, 0.421843, 0.954499
0.576000, 4.210755, 0.420875, 0.954472
0.577000, 4.200836, 0.419906, 0.954446
0.578000, 4.190917, 0.418938, 0.954420
0.579000, 4.180998, 0.417968, 0.954394
0.580000, 4.171078, 0.416999, 0.954369
0.581000, 4.161158, 0.416029, 0.954343
0.582000, 4.151238, 0.415059, 0.954318
0.583000, 4.141317, 0.414088, 0.954293
0.584000, 4.131396, 0.413118, 0.954268
0.585000, 4.121475, 0.412147, 0.954244
0.586000, 4.111554, 0.411175, 0.954219
0.587000, 4.101632, 0.410204, 0.954195
0.588000, 4.091710, 0.409232, 0.954171
0.589000, 4.081788, 0.408260, 0.954147
0.590000, 4.071865, 0.407287, 0.954123
0.591000, 4.061943, 0.406315, 0.954100
0.592000, 4.052019, 0.405342, 0.954076
0.593000, 4.042096, 0.404368, 0.954053
0.594000, 4.032172, 0.403395, 0.954030
0.595000, 4.022249, 0.402421, 0.954007
0.596000, 4.012324, 0.401447, 0.953984
0.597000, 4.002400, 0.400473, 0.953962
0.598000, 3.992475, 0.399498, 0.953939
0.599000, 3.982550, 0.398524, 0.953917
0.600000, 3.972625, 0.397548, 0.953895
0.601000, 3.962700, 0.396573, 0.953873
0.602000, 3.952774, 0.395598, 0.953852
0.603000, 3.942848, 0.394622, 0.953830
0.604000, 3.932922, 0.393646, 0.953809
0.605000, 3.922996, 0.392670, 0.953788
0.606000, 3.913069, 0.391693, 0.953766
0.607000, 3.903142, 0.390716, 0.953746
0.608000, 3.893215, 0.389739, 0.953725
0.609000, 3.883288, 0.388762, 0.953704
0.610000, 3.873360, 0.387785, 0.953684
0.611000, 3.863432, 0.386807, 0.953663
0.612000, 3.853504, 0.385829, 0.953643
0.613000, 3.843576, 0.384851, 0.953623
0.614000, 3.833648, 0.383873, 0.953603
0.615000, 3.823719, 0.382894, 0.953583
0.616000, 3.813790, 0.381916, 0.953564
0.617000, 3.803861, 0.380937, 0.953544
0.618000, 3.793932, 0.379958, 0.953525
0.619000, 3.784003, 0.378978, 0.953506
0.620000, 3.774073, 0.377999, 0.953487
0.621000, 3.764143, 0.377019, 0.953468
0.622000, 3.754213, 0.376039, 0.953449
0.623000, 3.744283, 0.375059, 0.953430
0.624000, 3.734352, 0.374078, 0.953412
0.625000, 3.724421, 0.373098, 0.953394
0.626000, 3.714491, 0.372117, 0.953375
0.627000, 3.704559, 0.371136, 0.953357
0.628000, 3.694628, 0.370155, 0.953339
0.629000, 3.684697, 0.369174, 0.953321
0.630000, 3.674765, 0.368192, 0.953303
0.631000, 3.664833, 0.367211, 0.953286
0.632000, 3.654901, 0.366229, 0.953268
0.633000, 3.644969, 0.365247, 0.953251
0.634000, 3.635037, 0.364264, 0.953233
0.635000, 3.625104, 0.363282, 0.953216
0.636000, 3.615172, 0.362300, 0.953199
0.637000, 3.605239, 0.361317, 0.953182
0.638000, 3.595306, 0.360334, 0.953165
0.639000, 3.585372, 0.359351, 0.953149
0.640000, 3.575439, 0.358367, 0.953132
0.641000, 3.565505, 0.357384, 0.953116
0.642000, 3.555572, 0.356400, 0.953099
0.643000, 3.545638, 0.355417, 0.953083
0.644000, 3.535704, 0.354433, 0.953067
0.645000, 3.525770, 0.353449, 0.953051
0.646000, 3.515835, 0.352465, 0.953035
0.647000, 3.505901, 0.351480, 0.953019
0.648000, 3.495966, 0.350496, 0.953003
0.649000, 3.486031, 0.349511, 0.952987
0.650000, 3.476096, 0.348526, 0.952972
0.651000, 3.466161, 0.347541, 0.952956
0.652000, 3.456226, 0.346556, 0.952941
0.653000, 3.446291, 0.345571, 0.952926
0.654000, 3.436355, 0.344585, 0.952911
0.655000, 3.426419, 0.343600, 0.952895
0.656000, 3.416483, 0.342614, 0.952880
0.657000, 3.406547, 0.341628, 0.952866
0.658000, 3.396611, 0.340642, 0.952851
0.659000, 3.386675, 0.339656, 0.952836
0.660000, 3.376739, 0.338670, 0.952821
0.661000, 3.366802, 0.337683, 0.952807
0.662000, 3.356865, 0.336697, 0.952792
0.663000, 3.346929, 0.335710, 0.952778
0.664000, 3.336992, 0.334723, 0.952764
0.665000, 3.327054, 0.333736, 0.952750
0.666000, 3.317117, 0.332749, 0.952736
0.667000, 3.307180, 0.331762, 0.952722
0.668000, 3.297242, 0.330775, 0.952708
0.669000, 3.287305, 0.329787, 0.952694
0.670000, 3.277367, 0.328800, 0.952680
0.671000, 3.267429, 0.327812, 0.952666
0.672000, 3.257491, 0.326824, 0.952653
0.673000, 3.247553, 0.325836, 0.952639
0.674000, 3.237615, 0.324848, 0.952626
0.675000, 3.227677, 0.323860, 0.952612
0.676000, 3.217738, 0.322871, 0.952599
0.677000, 3.207800, 0.321883, 0.952586
0.678000, 3.197861, 0.320895, 0.952573
0.679000, 3.187922, 0.319906, 0.952559
0.680000, 3.177983, 0.318917, 0.952546
0.681000, 3.168044, 0.317928, 0.952533
0.682000, 3.158105, 0.316939, 0.952521
0.683000, 3.148166, 0.315950, 0.952508
0.684000, 3.138227, 0.314961, 0.952495
0.685000, 3.128287, 0.313972, 0.952482
0.686000, 3.118348, 0.312982, 0.952470
0.687000, 3.108408, 0.311993, 0.952457
0.688000, 3.098468, 0.311003, 0.952445
0.689000, 3.088529, 0.310013, 0.952432
0.690000, 3.078589, 0.309024, 0.952420
0.691000, 3.068649, 0.308034, 0.952408
0.692000, 3.058708, 0.307044, 0.952396
0.693000, 3.048768, 0.306053, 0.952383
0.694000, 3.038828, 0.305063, 0.952371
0.695000, 3.028887, 0.304073, 0.952359
0.696000, 3.018947, 0.303083, 0.952347
0.697000, 3.009006, 0.302092, 0.952335
0.698000, 2.999065, 0.301101, 0.952323
0.699000, 2.989125, 0.300111, 0.952312
0.700000, 2.979184, 0.299120, 0.952300
0.701000, 2.969243, 0.298129, 0.952288
0.702000, 2.959302, 0.297138, 0.952276
0.703000, 2.949360, 0.296147, 0.952265
0.704000, 2.939419, 0.295156, 0.952253
0.705000, 2.929478, 0.294165, 0.952242
0.706000, 2.919536, 0.293173, 0.952230
0.707000, 2.909595, 0.292182, 0.952219
0.708000, 2.899653, 0.291190, 0.952208
0.709000, 2.889711, 0.290199, 0.952196
0.710000, 2.879770, 0.289207, 0.952185
0.711000, 2.869828, 0.288215, 0.952174
0.712000, 2.859886, 0.287224, 0.952163
0.713000, 2.849944, 0.286232, 0.952152
0.714000, 2.840002, 0.285240, 0.952141
0.715000, 2.830059, 0.284248, 0.952130
0.716000, 2.820117, 0.283255, 0.952119
0.717000, 2.810175, 0.282263, 0.952108
0.718000, 2.800232, 0.281271, 0.952097
0.719000, 2.790290, 0.280279, 0.952086
0.720000, 2.780347, 0.279286, 0.952075
0.721000, 2.770405, 0.278294, 0.952064
0.722000, 2.760462, 0.277301, 0.952053
0.723000, 2.750519, 0.276308, 0.952043
0.724000, 2.740576, 0.275316, 0.952032
0.725000, 2.730633, 0.274323, 0.952021
0.726000, 2.720690, 0.273330, 0.952011
0.727000, 2.710747, 0.272337, 0.952000
0.728000, 2.700804, 0.271344, 0.951990
0.729000, 2.690861, 0.270351, 0.951979
0.730000, 2.680918, 0.269358, 0.951969
0.731000, 2.670974, 0.268364, 0.951958
0.732000, 2.661031, 0.267371, 0.951948
0.733000, 2.651087, 0.266378, 0.951938
0.734000, 2.641144, 0.265384, 0.951927
0.735000, 2.631200, 0.264391, 0.951917
0.736000, 2.621256, 0.263397, 0.951907
0.737000, 2.611313, 0.262404, 0.951896
0.738000, 2.601369, 0.261410, 0.951886
0.739000, 2.591425, 0.260416, 0.951876
0.740000, 2.581481, 0.259422, 0.951866
0.741000, 2.571537, 0.258428, 0.951856
0.742000, 2.561593, 0.257435, 0.951846
0.743000, 2.551649, 0.256441, 0.951835
0.744000, 2.541705, 0.255446, 0.951825
0.745000, 2.531760, 0.254452, 0.951815
0.746000, 2.521816, 0.253458, 0.951805
0.747000, 2.511872, 0.252464, 0.951795
0.748000, 2.501927, 0.251470, 0.951785
0.749000, 2.491983, 0.250475, 0.951775
0.750000, 2.482038, 0.249481, 0.951765
0.751000, 2.472094, 0.248487, 0.951755
0.752000, 2.462149, 0.247492, 0.951745
0.753000, 2.452204, 0.246497, 0.951735
0.754000, 2.442260, 0.245503, 0.951725
0.755000, 2.432315, 0.244508, 0.951716
0.756000, 2.422370, 0.243513, 0.951706
0.757000, 2.412425, 0.242519, 0.951696
0.758000, 2.402480, 0.241524, 0.951686
0.759000, 2.392535, 0.240529, 0.951676
0.760000, 2.382590, 0.239534, 0.951666
0.761000, 2.372645, 0.238539, 0.951656
0.762000, 2.362700, 0.237544, 0.951647
0.763000, 2.352755, 0.236549, 0.951637
0.764000, 2.342809, 0.235554, 0.951627
0.765000, 2.332864, 0.234559, 0.951617
0.766000, 2.322919, 0.233563, 0.951607
0.767000, 2.312973, 0.232568, 0.951598
0.768000, 2.303028, 0.231573, 0.951588
0.769000, 2.293082, 0.230578, 0.951578
0.770000, 2.283137, 0.229582, 0.951568
0.771000, 2.273191, 0.228587, 0.951558
0.772000, 2.263246, 0.227591, 0.951549
0.773000, 2.253300, 0.226596, 0.951539
0.774000, 2.243354, 0.225600, 0.951529
0.775000, 2.233409, 0.224604, 0.951519
0.776000, 2.223463, 0.223609, 0.951509
0.777000, 2.213517, 0.222613, 0.951500
0.778000, 2.203571, 0.221617, 0.951490
0.779000, 2.193625, 0.220622, 0.951480
0.780000, 2.183679, 0.219626, 0.951470
0.781000, 2.173733, 0.218630, 0.951460
0.782000, 2.163787, 0.217634, 0.951451
0.783000, 2.153841, 0.216638, 0.951441
0.784000, 2.143895, 0.215642, 0.951431
0.785000, 2.133949, 0.214646, 0.951421
0.786000, 2.124003, 0.213650, 0.951411
0.787000, 2.114056, 0.212654, 0.951401
0.788000, 2.104110, 0.211658, 0.951391
0.789000, 2.094164, 0.210661, 0.951381
0.790000, 2.084217, 0.209665, 0.951371
0.791000, 2.074271, 0.208669, 0.951361
0.792000, 2.064325, 0.207673, 0.951351
0.793000, 2.054378, 0.206676, 0.951341
0.794000, 2.044432, 0.205680, 0.951331
0.795000, 2.034485, 0.204683, 0.951321
0.796000, 2.024538, 0.203687, 0.951311
0.797000, 2.014592, 0.202691, 0.951301
0.798000, 2.004645, 0.201694, 0.951291
0.799000, 1.994699, 0.200697, 0.951281
0.800000, 1.984752, 0.199701, 0.951271
0.801000, 1.974805, 0.198704, 0.951260
0.802000, 1.964858, 0.197708, 0.951250
0.803000, 1.954911, 0.196711, 0.951240
0.804000, 1.944965, 0.195714, 0.951230
0.805000, 1.935018, 0.194717, 0.951219
0.806000, 1.925071, 0.193721, 0.951209
0.807000, 1.915124, 0.192724, 0.951199
0.808000, 1.905177, 0.191727, 0.951188
0.809000, 1.895230, 0.190730, 0.951178
0.810000, 1.885283, 0.189733, 0.951167
0.811000, 1.875336, 0.188736, 0.951157
0.812000, 1.865389, 0.187739, 0.951146
0.813000, 1.855442, 0.186742, 0.951135
0.814000, 1.845494, 0.185745, 0.951125
0.815000, 1.835547, 0.184748, 0.951114
0.816000, 1.825600, 0.183751, 0.951103
0.817000, 1.815653, 0.182754, 0.951092
0.818000, 1.805706, 0.181757, 0.951081
0.819000, 1.795758, 0.180760, 0.951070
0.820000, 1.785811, 0.179763, 0.951059
0.821000, 1.775864, 0.178765, 0.951048
0.822000, 1.765916, 0.177768, 0.951037
0.823000, 1.755969, 0.176771, 0.951026
0.824000, 1.746021, 0.175774, 0.951015
0.825000, 1.736074, 0.174776, 0.951003
0.826000, 1.726126, 0.173779, 0.950992
0.827000, 1.716179, 0.172781, 0.950981
0.828000, 1.706231, 0.171784, 0.950969
0.829000, 1.696284, 0.170787, 0.950958
0.830000, 1.686336, 0.169789, 0.950946
0.831000, 1.676389, 0.168792, 0.950934
0.832000, 1.666441, 0.167794, 0.950922
0.833000, 1.656493, 0.166797, 0.950911
0.834000, 1.646546, 0.165799, 0.950899
0.835000, 1.636598, 0.164802, 0.950887
0.836000, 1.626650, 0.163804, 0.950874
0.837000, 1.616702, 0.162806, 0.950862
0.838000, 1.606755, 0.161809, 0.950850
0.839000, 1.596807, 0.160811, 0.950838
0.840000, 1.586859, 0.159813, 0.950825
0.841000, 1.576911, 0.158816, 0.950812
0.842000, 1.566963, 0.157818, 0.950800
0.843000, 1.557015, 0.156820, 0.950787
0.844000, 1.547068, 0.155822, 0.950774
0.845000, 1.537120, 0.154824, 0.950761
0.846000, 1.527172, 0.153827, 0.950748
0.847000, 1.517224, 0.152829, 0.950735
0.848000, 1.507276, 0.151831, 0.950722
0.849000, 1.497328, 0.150833, 0.950708
0.850000, 1.487380, 0.149835, 0.950695
0.851000, 1.477432, 0.148837, 0.950681
0.852000, 1.467483, 0.147839, 0.950667
0.853000, 1.457535, 0.146841, 0.950653
0.854000, 1.447587, 0.145843, 0.950639
0.855000, 1.437639, 0.144845, 0.950625
0.856000, 1.427691, 0.143847, 0.950611
0.857000, 1.417743, 0.142849, 0.950596
0.858000, 1.407795, 0.141851, 0.950582
0.859000, 1.397846, 0.140853, 0.950567
0.860000, 1.387898, 0.139855, 0.950552
0.861000, 1.377950, 0.138857, 0.950537
0.862000, 1.368002, 0.137859, 0.950521
0.863000, 1.358053, 0.136861, 0.950506
0.864000, 1.348105, 0.135862, 0.950490
0.865000, 1.338157, 0.134864, 0.950475
0.866000, 1.328208, 0.133866, 0.950459
0.867000, 1.318260, 0.132868, 0.950443
0.868000, 1.308312, 0.131869, 0.950426
0.869000, 1.298363, 0.130871, 0.950410
0.870000, 1.288415, 0.129873, 0.950393
0.871000, 1.278466, 0.128875, 0.950376
0.872000, 1.268518, 0.127876, 0.950359
0.873000, 1.258570, 0.126878, 0.950342
0.874000, 1.248621, 0.125880, 0.950324
0.875000, 1.238673, 0.124881, 0.950307
0.876000, 1.228724, 0.123883, 0.950289
0.877000, 1.218776, 0.122884, 0.950270
0.878000, 1.208827, 0.121886, 0.950252
0.879000, 1.198878, 0.120888, 0.950233
0.880000, 1.188930, 0.119889, 0.950214
0.881000, 1.178981, 0.118891, 0.950195
0.882000, 1.169033, 0.117892, 0.950175
0.883000, 1.159084, 0.116894, 0.950155
0.884000, 1.149135, 0.115895, 0.950135
0.885000, 1.139187, 0.114897, 0.950115
0.886000, 1.129238, 0.113898, 0.950094
0.887000, 1.119289, 0.112900, 0.950073
0.888000, 1.109341, 0.111901, 0.950052
0.889000, 1.099392, 0.110903, 0.950030
0.890000, 1.089443, 0.109904, 0.950008
0.891000, 1.079495, 0.108905, 0.949986
0.892000, 1.069546, 0.107907, 0.949963
0.893000, 1.059597, 0.106908, 0.949940
0.894000, 1.049648, 0.105910, 0.949917
0.895000, 1.039700, 0.104911, 0.949893
0.896000, 1.029751, 0.103912, 0.949869
0.897000, 1.019802, 0.102914, 0.949844
0.898000, 1.009853, 0.101915, 0.949819
0.899000, 0.999904, 0.100916, 0.949793
0.900000, 0.989956, 0.099917, 0.949767
0.901000, 0.980007, 0.098919, 0.949741
0.902000, 0.970058, 0.097920, 0.949714
0.903000, 0.960109, 0.096921, 0.949686
0.904000, 0.950160, 0.095922, 0.949658
0.905000, 0.940211, 0.094924, 0.949630
0.906000, 0.930262, 0.093925, 0.949601
0.907000, 0.920313, 0.092926, 0.949571
0.908000, 0.910364, 0.091927, 0.949541
0.909000, 0.900415, 0.090928, 0.949510
0.910000, 0.890466, 0.089930, 0.949478
0.911000, 0.880517, 0.088931, 0.949446
0.912000, 0.870568, 0.087932, 0.949413
0.913000, 0.860619, 0.086933, 0.949380
0.914000, 0.850670, 0.085934, 0.949346
0.915000, 0.840721, 0.084935, 0.949311
0.916000, 0.830772, 0.083936, 0.949275
0.917000, 0.820823, 0.082938, 0.949238
0.918000, 0.810874, 0.081939, 0.949201
0.919000, 0.800925, 0.080940, 0.949162
0.920000, 0.790976, 0.079941, 0.949123
0.921000, 0.781027, 0.078942, 0.949083
0.922000, 0.771078, 0.077943, 0.949042
0.923000, 0.761129, 0.076944, 0.949000
0.924000, 0.751180, 0.075945, 0.948956
0.925000, 0.741231, 0.074946, 0.948912
0.926000, 0.731282, 0.073947, 0.948867
0.927000, 0.721332, 0.072948, 0.948820
0.928000, 0.711383, 0.071949, 0.948772
0.929000, 0.701434, 0.070950, 0.948723
0.930000, 0.691485, 0.069951, 0.948672
0.931000, 0.681536, 0.068952, 0.948620
0.932000, 0.671587, 0.067953, 0.948567
0.933000, 0.661637, 0.066954, 0.948512
0.934000, 0.651688, 0.065955, 0.948455
0.935000, 0.641739, 0.064955, 0.948397
0.936000, 0.631790, 0.063956, 0.948337
0.937000, 0.621841, 0.062957, 0.948275
0.938000, 0.611891, 0.061958, 0.948211
0.939000, 0.601942, 0.060959, 0.948145
0.940000, 0.591993, 0.059960, 0.948077
0.941000, 0.582044, 0.058961, 0.948007
0.942000, 0.572094, 0.057962, 0.947934
0.943000, 0.562145, 0.056963, 0.947859
0.944000, 0.552196, 0.055963, 0.947781
0.945000, 0.542246, 0.054964, 0.947701
0.946000, 0.532297, 0.053965, 0.947617
0.947000, 0.522348, 0.052966, 0.947530
0.948000, 0.512399, 0.051967, 0.947440
0.949000, 0.502449, 0.050967, 0.947347
0.950000, 0.492500, 0.049968, 0.947250
0.951000, 0.482551, 0.048969, 0.947149
0.952000, 0.472601, 0.047970, 0.947044
0.953000, 0.462652, 0.046971, 0.946934
0.954000, 0.452703, 0.045971, 0.946820
0.955000, 0.442753, 0.044972, 0.946700
0.956000, 0.432804, 0.043973, 0.946576
0.957000, 0.422854, 0.042974, 0.946445
0.958000, 0.412905, 0.041974, 0.946308
0.959000, 0.402956, 0.040975, 0.946165
0.960000, 0.393006, 0.039976, 0.946014
0.961000, 0.383057, 0.038977, 0.945856
0.962000, 0.373107, 0.037977, 0.945689
0.963000, 0.363158, 0.036978, 0.945514
0.964000, 0.353209, 0.035979, 0.945329
0.965000, 0.343259, 0.034979, 0.945133
0.966000, 0.333310, 0.033980, 0.944925
0.967000, 0.323360, 0.032981, 0.944705
0.968000, 0.313411, 0.031981, 0.944472
0.969000, 0.303461, 0.030982, 0.944223
0.970000, 0.293512, 0.029983, 0.943957
0.971000, 0.283562, 0.028983, 0.943673
0.972000, 0.273613, 0.027984, 0.943369
0.973000, 0.263663, 0.026985, 0.943041
0.974000, 0.253714, 0.025985, 0.942689
0.975000, 0.243764, 0.024986, 0.942308
0.976000, 0.233815, 0.023987, 0.941895
0.977000, 0.223865, 0.022987, 0.941446
0.978000, 0.213916, 0.021988, 0.940956
0.979000, 0.203966, 0.020988, 0.940419
0.980000, 0.194017, 0.019989, 0.939827
0.981000, 0.184067, 0.018990, 0.939172
0.982000, 0.174118, 0.017990, 0.938443
0.983000, 0.164168, 0.016991, 0.937627
0.984000, 0.154219, 0.015991, 0.936707
0.985000, 0.144269, 0.014992, 0.935663
0.986000, 0.134320, 0.013993, 0.934466
0.987000, 0.124370, 0.012993, 0.933082
0.988000, 0.114420, 0.011994, 0.931461
0.989000, 0.104471, 0.010994, 0.929538
0.990000, 0.094521, 0.009995, 0.927220
0.991000, 0.084572, 0.008995, 0.924369
0.992000, 0.074622, 0.007996, 0.920780
0.993000, 0.064672, 0.006996, 0.916122
0.994000, 0.054723, 0.005997, 0.909832
0.995000, 0.044773, 0.004997, 0.900871
0.996000, 0.034824, 0.003998, 0.887074
0.997000, 0.024874, 0.002998, 0.863058
0.998000, 0.014924, 0.001999, 0.810634
0.999000, 0.004975, 0.000999, 0.599590
