<<<<<<< HEAD
0.1, 0.4899135, 0.5321251, -1.100582
0.2, 0.6119476, 0.6646738, -1.100582
0.3, 0.5986464, 0.6502266, -1.100582
0.4, 0.5355582, 0.5817025, -1.100582
0.5, 0.4541542, 0.4932848, -1.100582
0.6, 0.3660124, 0.3975485, -1.100582
0.7, 0.2753918, 0.2991199, -1.100582
0.8, 0.1838593, 0.1997009, -1.100582
0.9, 0.09199136, 0.09991745, -1.100582
=======
0.100000, 0.489914, 0.532125, -1.100582
0.200000, 0.611948, 0.664674, -1.100582
0.300000, 0.598646, 0.650227, -1.100582
0.400000, 0.535558, 0.581703, -1.100582
0.500000, 0.454154, 0.493285, -1.100582
0.600000, 0.366012, 0.397548, -1.100582
0.700000, 0.275392, 0.299120, -1.100582
0.800000, 0.183859, 0.199701, -1.100582
0.900000, 0.091991, 0.099917, -1.100582
>>>>>>> 16a87e405674f650190568fbb3a0e84d915a8fdb
