<<<<<<< HEAD
0.010000, 4.230835, 0.085163, 1.687344
0.020000, 8.452623, 0.161270, 1.711071
0.030000, 8.435387, 0.229183, 1.553960
0.040000, 8.410743, 0.289682, 1.447692
0.050000, 8.379396, 0.343472, 1.369145
0.060000, 8.341984, 0.391191, 1.308021
0.070000, 8.299083, 0.433418, 1.258829
0.080000, 8.251217, 0.470675, 1.218289
0.090000, 8.198857, 0.503434, 1.184290
0.100000, 8.142432, 0.532125, 1.155388
0.110000, 8.082328, 0.557134, 1.130558
0.120000, 8.018895, 0.578811, 1.109041
0.130000, 7.952450, 0.597474, 1.090262
0.140000, 7.883280, 0.613409, 1.073776
0.150000, 7.811644, 0.626877, 1.059231
0.160000, 7.737777, 0.638111, 1.046342
0.170000, 7.661890, 0.647324, 1.034879
0.180000, 7.584177, 0.654709, 1.024651
0.190000, 7.504811, 0.660440, 1.015500
0.200000, 7.423949, 0.664674, 1.007292
0.210000, 7.341734, 0.667553, 0.999912
0.220000, 7.258294, 0.669207, 0.993265
0.230000, 7.173746, 0.669752, 0.987266
0.240000, 7.088196, 0.669293, 0.981845
0.250000, 7.001738, 0.667926, 0.976937
0.260000, 6.914460, 0.665738, 0.972488
0.270000, 6.826439, 0.662807, 0.968450
0.280000, 6.737746, 0.659203, 0.964781
0.290000, 6.648444, 0.654990, 0.961443
0.300000, 6.558593, 0.650227, 0.958403
0.310000, 6.468243, 0.644965, 0.955632
0.320000, 6.377444, 0.639252, 0.953103
0.330000, 6.286236, 0.633132, 0.950793
0.340000, 6.194660, 0.626642, 0.948681
0.350000, 6.102750, 0.619819, 0.946748
0.360000, 6.010538, 0.612693, 0.944978
0.370000, 5.918052, 0.605293, 0.943354
0.380000, 5.825320, 0.597646, 0.941864
0.390000, 5.732364, 0.589776, 0.940495
0.400000, 5.639205, 0.581703, 0.939235
0.410000, 5.545863, 0.573446, 0.938075
0.420000, 5.452356, 0.565023, 0.937005
0.430000, 5.358698, 0.556451, 0.936018
0.440000, 5.264905, 0.547743, 0.935104
0.450000, 5.170989, 0.538911, 0.934258
0.460000, 5.076962, 0.529969, 0.933474
0.470000, 4.982834, 0.520926, 0.932745
0.480000, 4.888616, 0.511792, 0.932066
0.490000, 4.794315, 0.502576, 0.931432
0.500000, 4.699940, 0.493285, 0.930839
0.510000, 4.605497, 0.483926, 0.930283
0.520000, 4.510993, 0.474507, 0.929761
0.530000, 4.416435, 0.465032, 0.929268
0.540000, 4.321826, 0.455508, 0.928802
0.550000, 4.227172, 0.445938, 0.928359
0.560000, 4.132477, 0.436328, 0.927937
0.570000, 4.037746, 0.426680, 0.927533
0.580000, 3.942980, 0.416999, 0.927145
0.590000, 3.848185, 0.407287, 0.926771
0.600000, 3.753362, 0.397548, 0.926408
0.610000, 3.658515, 0.387785, 0.926054
0.620000, 3.563644, 0.377999, 0.925707
0.630000, 3.468754, 0.368192, 0.925366
0.640000, 3.373845, 0.358367, 0.925028
0.650000, 3.278920, 0.348526, 0.924691
0.660000, 3.183980, 0.338670, 0.924353
0.670000, 3.089026, 0.328800, 0.924014
0.680000, 2.994059, 0.318917, 0.923669
0.690000, 2.899082, 0.309024, 0.923318
0.700000, 2.804095, 0.299120, 0.922958
0.710000, 2.709098, 0.289207, 0.922587
0.720000, 2.614093, 0.279286, 0.922202
0.730000, 2.519081, 0.269358, 0.921800
0.740000, 2.424062, 0.259422, 0.921378
0.750000, 2.329036, 0.249481, 0.920933
0.760000, 2.234006, 0.239534, 0.920461
0.770000, 2.138970, 0.229582, 0.919956
0.780000, 2.043930, 0.219626, 0.919414
0.790000, 1.948885, 0.209665, 0.918828
0.800000, 1.853837, 0.199701, 0.918191
0.810000, 1.758786, 0.189733, 0.917494
0.820000, 1.663731, 0.179763, 0.916726
0.830000, 1.568674, 0.169789, 0.915872
0.840000, 1.473615, 0.159813, 0.914917
0.850000, 1.378553, 0.149835, 0.913838
0.860000, 1.283489, 0.139855, 0.912609
0.870000, 1.188423, 0.129873, 0.911193
0.880000, 1.093355, 0.119889, 0.909541
0.890000, 0.998286, 0.109904, 0.907586
0.900000, 0.903216, 0.099917, 0.905236
0.910000, 0.808144, 0.089930, 0.902351
0.920000, 0.713072, 0.079941, 0.898725
0.930000, 0.617998, 0.069951, 0.894025
0.940000, 0.522923, 0.059960, 0.887685
0.950000, 0.427848, 0.049968, 0.878659
0.960000, 0.332772, 0.039976, 0.864767
0.970000, 0.237695, 0.029983, 0.840590
0.980000, 0.142617, 0.019989, 0.787799
0.990000, 0.047539, 0.009995, 0.574774
=======
<<<<<<< HEAD
0.01, 4.230835, 0.08516304, 1.687344
0.02, 8.452623, 0.1612702, 1.711071
0.03, 8.435387, 0.2291831, 1.55396
0.04, 8.410743, 0.2896818, 1.447692
0.05, 8.379396, 0.3434716, 1.369145
0.06, 8.341984, 0.3911911, 1.308021
0.07, 8.299083, 0.4334179, 1.258829
0.08, 8.251217, 0.4706747, 1.218289
0.09, 8.198857, 0.5034344, 1.18429
0.1, 8.142432, 0.5321251, 1.155388
0.11, 8.082328, 0.5571339, 1.130558
0.12, 8.018895, 0.5788112, 1.109041
0.13, 7.95245, 0.5974741, 1.090262
0.14, 7.88328, 0.6134094, 1.073776
0.15, 7.811644, 0.6268766, 1.059231
0.16, 7.737777, 0.6381107, 1.046342
0.17, 7.66189, 0.6473242, 1.034879
0.18, 7.584177, 0.6547093, 1.024651
0.19, 7.504811, 0.66044, 1.0155
0.2, 7.423949, 0.6646738, 1.007292
0.21, 7.341734, 0.6675531, 0.9999121
0.22, 7.258294, 0.6692068, 0.9932649
0.23, 7.173746, 0.6697516, 0.9872664
0.24, 7.088196, 0.6692929, 0.9818446
0.25, 7.001738, 0.6679264, 0.9769366
0.26, 6.91446, 0.6657382, 0.9724877
0.27, 6.826439, 0.6628067, 0.9684498
0.28, 6.737746, 0.6592026, 0.9647806
0.29, 6.648444, 0.6549899, 0.9614426
0.3, 6.558593, 0.6502266, 0.9584027
0.31, 6.468243, 0.6449649, 0.9556315
0.32, 6.377444, 0.6392523, 0.9531027
0.33, 6.286236, 0.6331318, 0.9507929
0.34, 6.19466, 0.6266422, 0.948681
0.35, 6.10275, 0.6198185, 0.9467483
0.36, 6.010538, 0.6126926, 0.9449778
0.37, 5.918052, 0.6052933, 0.9433543
0.38, 5.82532, 0.5976465, 0.9418641
0.39, 5.732364, 0.5897758, 0.9404948
0.4, 5.639205, 0.5817025, 0.9392351
0.41, 5.545863, 0.5734459, 0.9380751
0.42, 5.452356, 0.5650235, 0.9370053
0.43, 5.358698, 0.556451, 0.9360176
0.44, 5.264905, 0.5477426, 0.9351043
0.45, 5.170989, 0.5389114, 0.9342584
0.46, 5.076962, 0.529969, 0.9334738
0.47, 4.982834, 0.5209261, 0.9327446
0.48, 4.888616, 0.511792, 0.9320655
0.49, 4.794315, 0.5025757, 0.9314319
0.5, 4.69994, 0.4932848, 0.9308392
0.51, 4.605497, 0.4839264, 0.9302834
0.52, 4.510993, 0.474507, 0.9297608
0.53, 4.416435, 0.4650325, 0.929268
0.54, 4.321826, 0.4555079, 0.9288016
0.55, 4.227172, 0.4459382, 0.9283589
0.56, 4.132477, 0.4363276, 0.9279369
0.57, 4.037746, 0.4266799, 0.9275332
0.58, 3.94298, 0.4169988, 0.9271453
0.59, 3.848185, 0.4072873, 0.9267708
0.6, 3.753362, 0.3975485, 0.9264077
0.61, 3.658515, 0.3877848, 0.9260538
0.62, 3.563644, 0.3779987, 0.9257072
0.63, 3.468754, 0.3681923, 0.9253657
0.64, 3.373845, 0.3583675, 0.9250275
0.65, 3.27892, 0.3485261, 0.9246907
0.66, 3.18398, 0.3386696, 0.9243534
0.67, 3.089026, 0.3287995, 0.9240135
0.68, 2.994059, 0.3189171, 0.9236691
0.69, 2.899082, 0.3090235, 0.923318
0.7, 2.804095, 0.2991199, 0.922958
0.71, 2.709098, 0.2892071, 0.9225868
0.72, 2.614093, 0.2792861, 0.9222017
0.73, 2.519081, 0.2693576, 0.9217998
0.74, 2.424062, 0.2594223, 0.9213782
0.75, 2.329036, 0.249481, 0.9209331
0.76, 2.234006, 0.2395341, 0.9204606
0.77, 2.13897, 0.2295821, 0.9199561
0.78, 2.04393, 0.2196257, 0.9194141
0.79, 1.948885, 0.2096651, 0.9188284
0.8, 1.853837, 0.1997009, 0.9181914
0.81, 1.758786, 0.1897332, 0.9174941
0.82, 1.663731, 0.1797626, 0.9167255
0.83, 1.568674, 0.1697892, 0.9158721
0.84, 1.473615, 0.1598133, 0.9149168
0.85, 1.378553, 0.1498351, 0.9138384
0.86, 1.283489, 0.1398549, 0.9126091
0.87, 1.188423, 0.1298729, 0.9111927
0.88, 1.093355, 0.1198892, 0.9095407
0.89, 0.9982863, 0.109904, 0.9075863
0.9, 0.903216, 0.09991745, 0.9052356
0.91, 0.8081444, 0.08992965, 0.9023514
0.92, 0.7130717, 0.07994073, 0.8987254
0.93, 0.617998, 0.0699508, 0.8940253
0.94, 0.5229233, 0.05995995, 0.8876854
0.95, 0.4278479, 0.04996828, 0.8786591
0.96, 0.3327717, 0.03997586, 0.8647671
0.97, 0.2376948, 0.02998275, 0.8405902
0.98, 0.1426173, 0.01998904, 0.7877987
0.99, 0.04753927, 0.009994771, 0.5747735
=======
0.010000, 0.085092, 0.085163, -3.079398
0.020000, 0.161136, 0.161270, -3.079398
0.030000, 0.228992, 0.229183, -3.079398
0.040000, 0.289440, 0.289682, -3.079398
0.050000, 0.343186, 0.343472, -3.079398
0.060000, 0.390865, 0.391191, -3.079398
0.070000, 0.433057, 0.433418, -3.079398
0.080000, 0.470283, 0.470675, -3.079398
0.090000, 0.503015, 0.503434, -3.079398
0.100000, 0.531682, 0.532125, -3.079398
0.110000, 0.556670, 0.557134, -3.079398
0.120000, 0.578329, 0.578811, -3.079398
0.130000, 0.596976, 0.597474, -3.079398
0.140000, 0.612898, 0.613409, -3.079398
0.150000, 0.626355, 0.626877, -3.079398
0.160000, 0.637579, 0.638111, -3.079398
0.170000, 0.646785, 0.647324, -3.079398
0.180000, 0.654164, 0.654709, -3.079398
0.190000, 0.659890, 0.660440, -3.079398
0.200000, 0.664120, 0.664674, -3.079398
0.210000, 0.666997, 0.667553, -3.079398
0.220000, 0.668649, 0.669207, -3.079398
0.230000, 0.669194, 0.669752, -3.079398
0.240000, 0.668735, 0.669293, -3.079398
0.250000, 0.667370, 0.667926, -3.079398
0.260000, 0.665184, 0.665738, -3.079398
0.270000, 0.662255, 0.662807, -3.079398
0.280000, 0.658654, 0.659203, -3.079398
0.290000, 0.654444, 0.654990, -3.079398
0.300000, 0.649685, 0.650227, -3.079398
0.310000, 0.644428, 0.644965, -3.079398
0.320000, 0.638720, 0.639252, -3.079398
0.330000, 0.632604, 0.633132, -3.079398
0.340000, 0.626120, 0.626642, -3.079398
0.350000, 0.619302, 0.619819, -3.079398
0.360000, 0.612182, 0.612693, -3.079398
0.370000, 0.604789, 0.605293, -3.079398
0.380000, 0.597149, 0.597646, -3.079398
0.390000, 0.589285, 0.589776, -3.079398
0.400000, 0.581218, 0.581703, -3.079398
0.410000, 0.572968, 0.573446, -3.079398
0.420000, 0.564553, 0.565023, -3.079398
0.430000, 0.555987, 0.556451, -3.079398
0.440000, 0.547286, 0.547743, -3.079398
0.450000, 0.538463, 0.538911, -3.079398
0.460000, 0.529528, 0.529969, -3.079398
0.470000, 0.520492, 0.520926, -3.079398
0.480000, 0.511366, 0.511792, -3.079398
0.490000, 0.502157, 0.502576, -3.079398
0.500000, 0.492874, 0.493285, -3.079398
0.510000, 0.483523, 0.483926, -3.079398
0.520000, 0.474112, 0.474507, -3.079398
0.530000, 0.464645, 0.465032, -3.079398
0.540000, 0.455129, 0.455508, -3.079398
0.550000, 0.445567, 0.445938, -3.079398
0.560000, 0.435964, 0.436328, -3.079398
0.570000, 0.426325, 0.426680, -3.079398
0.580000, 0.416651, 0.416999, -3.079398
0.590000, 0.406948, 0.407287, -3.079398
0.600000, 0.397217, 0.397548, -3.079398
0.610000, 0.387462, 0.387785, -3.079398
0.620000, 0.377684, 0.377999, -3.079398
0.630000, 0.367886, 0.368192, -3.079398
0.640000, 0.358069, 0.358367, -3.079398
0.650000, 0.348236, 0.348526, -3.079398
0.660000, 0.338388, 0.338670, -3.079398
0.670000, 0.328526, 0.328800, -3.079398
0.680000, 0.318651, 0.318917, -3.079398
0.690000, 0.308766, 0.309024, -3.079398
0.700000, 0.298871, 0.299120, -3.079398
0.710000, 0.288966, 0.289207, -3.079398
0.720000, 0.279053, 0.279286, -3.079398
0.730000, 0.269133, 0.269358, -3.079398
0.740000, 0.259206, 0.259422, -3.079398
0.750000, 0.249273, 0.249481, -3.079398
0.760000, 0.239335, 0.239534, -3.079398
0.770000, 0.229391, 0.229582, -3.079398
0.780000, 0.219443, 0.219626, -3.079398
0.790000, 0.209490, 0.209665, -3.079398
0.800000, 0.199535, 0.199701, -3.079398
0.810000, 0.189575, 0.189733, -3.079398
0.820000, 0.179613, 0.179763, -3.079398
0.830000, 0.169648, 0.169789, -3.079398
0.840000, 0.159680, 0.159813, -3.079398
0.850000, 0.149710, 0.149835, -3.079398
0.860000, 0.139738, 0.139855, -3.079398
0.870000, 0.129765, 0.129873, -3.079398
0.880000, 0.119789, 0.119889, -3.079398
0.890000, 0.109812, 0.109904, -3.079398
0.900000, 0.099834, 0.099917, -3.079398
0.910000, 0.089855, 0.089930, -3.079398
0.920000, 0.079874, 0.079941, -3.079398
0.930000, 0.069893, 0.069951, -3.079398
0.940000, 0.059910, 0.059960, -3.079398
0.950000, 0.049927, 0.049968, -3.079398
0.960000, 0.039943, 0.039976, -3.079398
0.970000, 0.029958, 0.029983, -3.079398
0.980000, 0.019972, 0.019989, -3.079398
0.990000, 0.009986, 0.009995, -3.079398
>>>>>>> 16a87e405674f650190568fbb3a0e84d915a8fdb
>>>>>>> 288140d20d085236cafa06960dfa5ce0d18af461
