-6.027433798865264E-03 6.476156373223691E-03 8.653212487733007E-05 -7.354485003470581E-06 -4.995873891545057E-06 2.191601623210778E-7
2.304399211881970E-01 -3.520269917831332E-01 -5.090021687675373E-02 1.786407257875289E-02 1.686345659347976E-02 -2.607427343772809E-04
-9.112489930696105E-04 7.260633816922878E-01 9.666169732084133E-03 2.030228100241437E-02 3.151075583805129E-05 1.171863397641887E-03
9.723872228471123E-01 2.131859435576811E-01 7.574945833355562E-05 -3.839213242461546E-03 1.675839301487753E-02 -1.040686708823310E-06
1.352014068868312E+00 3.791721568372186E-01 -2.541795007678379E-02 -3.174579027129330E-03 1.468479414945506E-02 3.857568427075251E-04
2.485453188446187E+00 -4.473442182646368E+00 -3.704945675601104E-02 6.503394244603509E-03 4.023192285112008E-03 -1.621698412307028E-04
5.094747238118151E+00 -8.594990318289753E+00 -5.338174028814079E-02 4.488049350096144E-03 2.829684236089258E-03 -2.276075567398937E-04
1.556190794017632E+01 1.221328090265391E+01 -1.562460396528442E-01 -2.457154870225774E-03 2.910750675409192E-03 4.260142616585562E-05
2.940618587165383E+01 -5.499229623088278E+00 -5.644496592127245E-01 5.558942015426669E-04 3.104416441896900E-03 -7.635529929238410E-05
1.379530152691786e1 -3.120576735572364e1 -6.512140078525313e1 2.946360048722213-e3 5.916708080765757e-4 9.282284310701687e-4
