0.001, 4.472581, 0.008950212, 2.697855
0.002, 8.945063, 0.01780142, 2.700264
0.003, 8.944866, 0.0265546, 2.526143
0.004, 8.944572, 0.03521074, 2.403171
0.005, 8.944182, 0.0437708, 2.308226
0.006, 8.943697, 0.05223574, 2.231005
0.007, 8.943117, 0.0606065, 2.166017
0.008, 8.942445, 0.06888402, 2.109979
0.009, 8.94168, 0.07706922, 2.060779
0.01, 8.940823, 0.08516304, 2.01697
0.011, 8.939876, 0.09316636, 1.977523
0.012, 8.93884, 0.1010801, 1.941676
0.013, 8.937715, 0.1089052, 1.908854
0.014, 8.936502, 0.1166424, 1.878605
0.015, 8.935202, 0.1242927, 1.850575
0.016, 8.933816, 0.1318569, 1.824476
0.017, 8.932345, 0.139336, 1.800074
0.018, 8.930789, 0.1467306, 1.777175
0.019, 8.92915, 0.1540417, 1.755614
0.02, 8.927428, 0.1612702, 1.735255
0.021, 8.925625, 0.1684167, 1.71598
0.022, 8.92374, 0.1754822, 1.697688
0.023, 8.921775, 0.1824674, 1.680292
0.024, 8.919731, 0.1893732, 1.663713
0.025, 8.917608, 0.1962004, 1.647887
0.026, 8.915407, 0.2029496, 1.632752
0.027, 8.913129, 0.2096217, 1.618258
0.028, 8.910774, 0.2162175, 1.604357
0.029, 8.908344, 0.2227377, 1.591006
0.03, 8.905839, 0.2291831, 1.57817
0.031, 8.90326, 0.2355545, 1.565813
0.032, 8.900608, 0.2418524, 1.553905
0.033, 8.897883, 0.2480778, 1.542419
0.034, 8.895087, 0.2542312, 1.531328
0.035, 8.892219, 0.2603135, 1.52061
0.036, 8.88928, 0.2663253, 1.510244
0.037, 8.886272, 0.2722673, 1.50021
0.038, 8.883195, 0.2781403, 1.49049
0.039, 8.880049, 0.2839449, 1.481068
0.04, 8.876836, 0.2896818, 1.471928
0.041, 8.873556, 0.2953516, 1.463057
0.042, 8.870209, 0.3009551, 1.454441
0.043, 8.866797, 0.3064929, 1.446069
0.044, 8.863319, 0.3119656, 1.437928
0.045, 8.859777, 0.3173739, 1.430009
0.046, 8.856172, 0.3227184, 1.422301
0.047, 8.852503, 0.3279999, 1.414795
0.048, 8.848772, 0.3332188, 1.407483
0.049, 8.844979, 0.3383758, 1.400357
0.05, 8.841124, 0.3434716, 1.393408
0.051, 8.837209, 0.3485067, 1.38663
0.052, 8.833234, 0.3534818, 1.380016
0.053, 8.829199, 0.3583974, 1.37356
0.054, 8.825106, 0.3632542, 1.367255
0.055, 8.820954, 0.3680527, 1.361096
0.056, 8.816745, 0.3727935, 1.355077
0.057, 8.812478, 0.3774771, 1.349194
0.058, 8.808155, 0.3821043, 1.343442
0.059, 8.803776, 0.3866754, 1.337816
0.06, 8.799342, 0.3911911, 1.332312
0.061, 8.794852, 0.3956519, 1.326925
0.062, 8.790309, 0.4000584, 1.321652
0.063, 8.785711, 0.4044111, 1.316488
0.064, 8.781061, 0.4087105, 1.311432
0.065, 8.776357, 0.4129572, 1.306478
0.066, 8.771601, 0.4171517, 1.301624
0.067, 8.766794, 0.4212945, 1.296867
0.068, 8.761935, 0.4253861, 1.292203
0.069, 8.757026, 0.4294271, 1.28763
0.07, 8.752067, 0.4334179, 1.283146
0.071, 8.747058, 0.437359, 1.278747
0.072, 8.742, 0.441251, 1.274432
0.073, 8.736893, 0.4450943, 1.270197
0.074, 8.731738, 0.4488894, 1.26604
0.075, 8.726535, 0.4526369, 1.26196
0.076, 8.721285, 0.456337, 1.257954
0.077, 8.715988, 0.4599904, 1.254021
0.078, 8.710645, 0.4635975, 1.250157
0.079, 8.705256, 0.4671588, 1.246362
0.08, 8.699822, 0.4706747, 1.242634
0.081, 8.694343, 0.4741456, 1.238971
0.082, 8.688819, 0.4775721, 1.23537
0.083, 8.683251, 0.4809545, 1.231832
0.084, 8.67764, 0.4842933, 1.228353
0.085, 8.671985, 0.4875889, 1.224933
0.086, 8.666288, 0.4908418, 1.22157
0.087, 8.660549, 0.4940524, 1.218263
0.088, 8.654767, 0.4972211, 1.21501
0.089, 8.648944, 0.5003483, 1.21181
0.09, 8.64308, 0.5034344, 1.208663
0.091, 8.637175, 0.5064799, 1.205565
0.092, 8.631231, 0.5094851, 1.202518
0.093, 8.625246, 0.5124505, 1.199519
0.094, 8.619222, 0.5153764, 1.196567
0.095, 8.613158, 0.5182633, 1.193661
0.096, 8.607056, 0.5211115, 1.1908
0.097, 8.600916, 0.5239214, 1.187984
0.098, 8.594738, 0.5266934, 1.18521
0.099, 8.588522, 0.5294278, 1.182479
0.1, 8.582269, 0.5321251, 1.17979
0.101, 8.57598, 0.5347856, 1.177141
0.102, 8.569653, 0.5374097, 1.174531
0.103, 8.563291, 0.5399977, 1.171961
0.104, 8.556894, 0.54255, 1.169428
0.105, 8.55046, 0.545067, 1.166933
0.106, 8.543992, 0.547549, 1.164474
0.107, 8.537489, 0.5499963, 1.162051
0.108, 8.530952, 0.5524094, 1.159663
0.109, 8.524381, 0.5547885, 1.157309
0.11, 8.517776, 0.5571339, 1.154989
0.111, 8.511138, 0.5594461, 1.152701
0.112, 8.504468, 0.5617253, 1.150446
0.113, 8.497764, 0.5639719, 1.148223
0.114, 8.491028, 0.5661862, 1.146031
0.115, 8.48426, 0.5683685, 1.14387
0.116, 8.477461, 0.5705191, 1.141738
0.117, 8.47063, 0.5726384, 1.139636
0.118, 8.463768, 0.5747266, 1.137563
0.119, 8.456875, 0.5767841, 1.135518
0.12, 8.449952, 0.5788112, 1.133501
0.121, 8.442999, 0.5808082, 1.131511
0.122, 8.436016, 0.5827754, 1.129548
0.123, 8.429004, 0.584713, 1.127611
0.124, 8.421962, 0.5866214, 1.1257
0.125, 8.414891, 0.5885009, 1.123814
0.126, 8.407792, 0.5903517, 1.121954
0.127, 8.400664, 0.5921741, 1.120118
0.128, 8.393508, 0.5939685, 1.118306
0.129, 8.386325, 0.5957351, 1.116517
0.13, 8.379114, 0.5974741, 1.114752
0.131, 8.371875, 0.5991859, 1.11301
0.132, 8.36461, 0.6008707, 1.11129
0.133, 8.357318, 0.6025288, 1.109592
0.134, 8.349999, 0.6041604, 1.107916
0.135, 8.342655, 0.6057659, 1.106262
0.136, 8.335284, 0.6073454, 1.104628
0.137, 8.327888, 0.6088993, 1.103015
0.138, 8.320466, 0.6104277, 1.101422
0.139, 8.313019, 0.611931, 1.09985
0.14, 8.305547, 0.6134094, 1.098297
0.141, 8.298051, 0.6148631, 1.096763
0.142, 8.29053, 0.6162924, 1.095248
0.143, 8.282985, 0.6176976, 1.093753
0.144, 8.275416, 0.6190788, 1.092275
0.145, 8.267824, 0.6204363, 1.090816
0.146, 8.260207, 0.6217704, 1.089374
0.147, 8.252568, 0.6230812, 1.087951
0.148, 8.244906, 0.624369, 1.086544
0.149, 8.237221, 0.6256341, 1.085155
0.15, 8.229513, 0.6268766, 1.083782
0.151, 8.221783, 0.6280969, 1.082426
0.152, 8.214031, 0.629295, 1.081086
0.153, 8.206257, 0.6304713, 1.079762
0.154, 8.198462, 0.6316259, 1.078454
0.155, 8.190645, 0.6327591, 1.077162
0.156, 8.182807, 0.633871, 1.075885
0.157, 8.174947, 0.6349619, 1.074623
0.158, 8.167067, 0.6360321, 1.073376
0.159, 8.159167, 0.6370816, 1.072143
0.16, 8.151246, 0.6381107, 1.070925
0.161, 8.143305, 0.6391197, 1.069721
0.162, 8.135343, 0.6401087, 1.068532
0.163, 8.127362, 0.6410778, 1.067356
0.164, 8.119362, 0.6420274, 1.066193
0.165, 8.111342, 0.6429576, 1.065044
0.166, 8.103303, 0.6438686, 1.063909
0.167, 8.095245, 0.6447605, 1.062786
0.168, 8.087167, 0.6456337, 1.061676
0.169, 8.079072, 0.6464881, 1.060579
0.17, 8.070958, 0.6473242, 1.059495
0.171, 8.062825, 0.648142, 1.058422
0.172, 8.054675, 0.6489417, 1.057362
0.173, 8.046507, 0.6497234, 1.056314
0.174, 8.03832, 0.6504875, 1.055278
0.175, 8.030117, 0.651234, 1.054254
0.176, 8.021896, 0.6519631, 1.05324
0.177, 8.013658, 0.652675, 1.052239
0.178, 8.005402, 0.6533699, 1.051248
0.179, 7.99713, 0.654048, 1.050269
0.18, 7.988841, 0.6547093, 1.0493
0.181, 7.980536, 0.6553541, 1.048342
0.182, 7.972214, 0.6559825, 1.047395
0.183, 7.963876, 0.6565947, 1.046458
0.184, 7.955522, 0.6571909, 1.045532
0.185, 7.947153, 0.6577712, 1.044616
0.186, 7.938767, 0.6583358, 1.04371
0.187, 7.930366, 0.6588848, 1.042813
0.188, 7.921949, 0.6594184, 1.041927
0.189, 7.913518, 0.6599368, 1.04105
0.19, 7.905071, 0.66044, 1.040183
0.191, 7.896609, 0.6609283, 1.039325
0.192, 7.888132, 0.6614018, 1.038477
0.193, 7.879641, 0.6618606, 1.037637
0.194, 7.871135, 0.6623049, 1.036807
0.195, 7.862615, 0.6627348, 1.035985
0.196, 7.85408, 0.6631505, 1.035173
0.197, 7.845532, 0.6635521, 1.034369
0.198, 7.836969, 0.6639398, 1.033574
0.199, 7.828393, 0.6643136, 1.032787
0.2, 7.819803, 0.6646738, 1.032009
0.201, 7.8112, 0.6650205, 1.031239
0.202, 7.802583, 0.6653537, 1.030477
0.203, 7.793953, 0.6656737, 1.029723
0.204, 7.785309, 0.6659806, 1.028978
0.205, 7.776653, 0.6662744, 1.02824
0.206, 7.767984, 0.6665554, 1.027509
0.207, 7.759302, 0.6668236, 1.026787
0.208, 7.750607, 0.6670792, 1.026072
0.209, 7.7419, 0.6673224, 1.025365
0.21, 7.733181, 0.6675531, 1.024665
0.211, 7.724449, 0.6677716, 1.023972
0.212, 7.715706, 0.667978, 1.023287
0.213, 7.70695, 0.6681724, 1.022609
0.214, 7.698182, 0.6683549, 1.021938
0.215, 7.689403, 0.6685256, 1.021273
0.216, 7.680612, 0.6686847, 1.020616
0.217, 7.671809, 0.6688322, 1.019965
0.218, 7.662995, 0.6689684, 1.019322
0.219, 7.65417, 0.6690932, 1.018685
0.22, 7.645333, 0.6692068, 1.018054
0.221, 7.636486, 0.6693094, 1.01743
0.222, 7.627627, 0.669401, 1.016812
0.223, 7.618758, 0.6694817, 1.016201
0.224, 7.609878, 0.6695517, 1.015596
0.225, 7.600987, 0.669611, 1.014997
0.226, 7.592085, 0.6696598, 1.014404
0.227, 7.583174, 0.6696981, 1.013817
0.228, 7.574252, 0.6697261, 1.013237
0.229, 7.565319, 0.6697439, 1.012662
0.23, 7.556377, 0.6697516, 1.012093
0.231, 7.547424, 0.6697492, 1.011529
0.232, 7.538462, 0.6697369, 1.010972
0.233, 7.52949, 0.6697148, 1.01042
0.234, 7.520508, 0.669683, 1.009874
0.235, 7.511516, 0.6696415, 1.009333
0.236, 7.502515, 0.6695905, 1.008797
0.237, 7.493504, 0.66953, 1.008267
0.238, 7.484484, 0.6694602, 1.007743
0.239, 7.475455, 0.6693812, 1.007223
0.24, 7.466417, 0.6692929, 1.006709
0.241, 7.457369, 0.6691956, 1.0062
0.242, 7.448313, 0.6690894, 1.005696
0.243, 7.439248, 0.6689742, 1.005197
0.244, 7.430173, 0.6688502, 1.004703
0.245, 7.421091, 0.6687175, 1.004214
0.246, 7.411999, 0.6685762, 1.003729
0.247, 7.402899, 0.6684264, 1.00325
0.248, 7.393791, 0.668268, 1.002775
0.249, 7.384674, 0.6681013, 1.002305
0.25, 7.375549, 0.6679264, 1.00184
0.251, 7.366415, 0.6677432, 1.001379
0.252, 7.357274, 0.6675518, 1.000923
0.253, 7.348124, 0.6673525, 1.000471
0.254, 7.338967, 0.6671451, 1.000024
0.255, 7.329802, 0.6669299, 0.9995813
0.256, 7.320628, 0.6667069, 0.9991427
0.257, 7.311448, 0.6664761, 0.9987085
0.258, 7.302259, 0.6662377, 0.9982786
0.259, 7.293063, 0.6659917, 0.9978528
0.26, 7.283859, 0.6657382, 0.9974312
0.261, 7.274648, 0.6654773, 0.9970137
0.262, 7.26543, 0.665209, 0.9966003
0.263, 7.256204, 0.6649335, 0.9961909
0.264, 7.246971, 0.6646507, 0.9957855
0.265, 7.237731, 0.6643608, 0.9953841
0.266, 7.228484, 0.6640639, 0.9949865
0.267, 7.21923, 0.6637599, 0.9945928
0.268, 7.209969, 0.663449, 0.9942029
0.269, 7.200701, 0.6631313, 0.9938168
0.27, 7.191426, 0.6628067, 0.9934345
0.271, 7.182145, 0.6624755, 0.9930558
0.272, 7.172857, 0.6621376, 0.9926807
0.273, 7.163562, 0.6617931, 0.9923093
0.274, 7.154261, 0.6614421, 0.9919415
0.275, 7.144954, 0.6610846, 0.9915772
0.276, 7.13564, 0.6607208, 0.9912164
0.277, 7.126319, 0.6603506, 0.990859
0.278, 7.116993, 0.6599741, 0.9905051
0.279, 7.10766, 0.6595915, 0.9901546
0.28, 7.098321, 0.6592026, 0.9898075
0.281, 7.088976, 0.6588078, 0.9894636
0.282, 7.079625, 0.6584069, 0.9891231
0.283, 7.070268, 0.658, 0.9887858
0.284, 7.060905, 0.6575872, 0.9884517
0.285, 7.051536, 0.6571686, 0.9881208
0.286, 7.042162, 0.6567442, 0.987793
0.287, 7.032782, 0.6563141, 0.9874684
0.288, 7.023396, 0.6558783, 0.9871469
0.289, 7.014004, 0.6554369, 0.9868284
0.29, 7.004607, 0.6549899, 0.9865129
0.291, 6.995204, 0.6545375, 0.9862004
0.292, 6.985796, 0.6540796, 0.9858909
0.293, 6.976383, 0.6536163, 0.9855843
0.294, 6.966964, 0.6531476, 0.9852806
0.295, 6.95754, 0.6526737, 0.9849798
0.296, 6.948111, 0.6521945, 0.9846818
0.297, 6.938676, 0.6517102, 0.9843866
0.298, 6.929237, 0.6512207, 0.9840942
0.299, 6.919792, 0.6507261, 0.9838046
0.3, 6.910342, 0.6502266, 0.9835177
0.301, 6.900888, 0.649722, 0.9832334
0.302, 6.891428, 0.6492125, 0.9829519
0.303, 6.881963, 0.6486981, 0.982673
0.304, 6.872494, 0.6481789, 0.9823967
0.305, 6.86302, 0.6476549, 0.982123
0.306, 6.853541, 0.6471262, 0.9818518
0.307, 6.844058, 0.6465928, 0.9815832
0.308, 6.834569, 0.6460547, 0.9813171
0.309, 6.825077, 0.6455121, 0.9810535
0.31, 6.815579, 0.6449649, 0.9807923
0.311, 6.806077, 0.6444132, 0.9805336
0.312, 6.796571, 0.643857, 0.9802773
0.313, 6.78706, 0.6432964, 0.9800234
0.314, 6.777545, 0.6427315, 0.9797718
0.315, 6.768026, 0.6421622, 0.9795226
0.316, 6.758502, 0.6415886, 0.9792757
0.317, 6.748974, 0.6410108, 0.9790311
0.318, 6.739442, 0.6404288, 0.9787887
0.319, 6.729906, 0.6398426, 0.9785486
0.32, 6.720365, 0.6392523, 0.9783108
0.321, 6.710821, 0.638658, 0.9780751
0.322, 6.701272, 0.6380596, 0.9778416
0.323, 6.69172, 0.6374572, 0.9776103
0.324, 6.682163, 0.6368508, 0.977381
0.325, 6.672603, 0.6362405, 0.977154
0.326, 6.663039, 0.6356264, 0.976929
0.327, 6.653471, 0.6350084, 0.976706
0.328, 6.643899, 0.6343866, 0.9764852
0.329, 6.634323, 0.6337611, 0.9762663
0.33, 6.624744, 0.6331318, 0.9760495
0.331, 6.61516, 0.6324989, 0.9758347
0.332, 6.605574, 0.6318622, 0.9756218
0.333, 6.595983, 0.631222, 0.9754109
0.334, 6.586389, 0.6305782, 0.975202
0.335, 6.576792, 0.6299309, 0.9749949
0.336, 6.567191, 0.62928, 0.9747898
0.337, 6.557586, 0.6286257, 0.9745865
0.338, 6.547979, 0.6279679, 0.9743851
0.339, 6.538367, 0.6273067, 0.9741855
0.34, 6.528753, 0.6266422, 0.9739877
0.341, 6.519135, 0.6259743, 0.9737918
0.342, 6.509513, 0.6253031, 0.9735976
0.343, 6.499889, 0.6246286, 0.9734052
0.344, 6.490261, 0.6239509, 0.9732146
0.345, 6.48063, 0.62327, 0.9730257
0.346, 6.470996, 0.6225859, 0.9728385
0.347, 6.461358, 0.6218987, 0.972653
0.348, 6.451718, 0.6212084, 0.9724692
0.349, 6.442074, 0.620515, 0.9722871
0.35, 6.432428, 0.6198185, 0.9721066
0.351, 6.422778, 0.619119, 0.9719277
0.352, 6.413125, 0.6184165, 0.9717505
0.353, 6.40347, 0.6177111, 0.9715749
0.354, 6.393811, 0.6170027, 0.9714009
0.355, 6.38415, 0.6162915, 0.9712284
0.356, 6.374486, 0.6155773, 0.9710575
0.357, 6.364819, 0.6148604, 0.9708882
0.358, 6.355149, 0.6141406, 0.9707204
0.359, 6.345476, 0.613418, 0.9705541
0.36, 6.3358, 0.6126926, 0.9703893
0.361, 6.326122, 0.6119645, 0.970226
0.362, 6.316441, 0.6112338, 0.9700641
0.363, 6.306758, 0.6105003, 0.9699037
0.364, 6.297071, 0.6097642, 0.9697448
0.365, 6.287383, 0.6090254, 0.9695873
0.366, 6.277691, 0.6082841, 0.9694312
0.367, 6.267997, 0.6075402, 0.9692765
0.368, 6.2583, 0.6067937, 0.9691232
0.369, 6.248601, 0.6060448, 0.9689712
0.37, 6.2389, 0.6052933, 0.9688207
0.371, 6.229196, 0.6045393, 0.9686714
0.372, 6.219489, 0.6037829, 0.9685236
0.373, 6.20978, 0.6030241, 0.968377
0.374, 6.200069, 0.6022629, 0.9682317
0.375, 6.190355, 0.6014993, 0.9680878
0.376, 6.180639, 0.6007333, 0.9679451
0.377, 6.170921, 0.5999651, 0.9678037
0.378, 6.1612, 0.5991945, 0.9676636
0.379, 6.151477, 0.5984216, 0.9675247
0.38, 6.141752, 0.5976465, 0.9673871
0.381, 6.132024, 0.5968691, 0.9672507
0.382, 6.122294, 0.5960895, 0.9671155
0.383, 6.112563, 0.5953078, 0.9669815
0.384, 6.102828, 0.5945238, 0.9668487
0.385, 6.093092, 0.5937377, 0.9667171
0.386, 6.083354, 0.5929495, 0.9665866
0.387, 6.073613, 0.5921592, 0.9664573
0.388, 6.063871, 0.5913668, 0.9663292
0.389, 6.054126, 0.5905723, 0.9662022
0.39, 6.04438, 0.5897758, 0.9660763
0.391, 6.034631, 0.5889773, 0.9659515
0.392, 6.02488, 0.5881767, 0.9658278
0.393, 6.015128, 0.5873742, 0.9657053
0.394, 6.005373, 0.5865697, 0.9655838
0.395, 5.995616, 0.5857632, 0.9654634
0.396, 5.985858, 0.5849549, 0.965344
0.397, 5.976098, 0.5841446, 0.9652257
0.398, 5.966335, 0.5833324, 0.9651085
0.399, 5.956571, 0.5825184, 0.9649923
0.4, 5.946805, 0.5817025, 0.9648771
0.401, 5.937037, 0.5808848, 0.9647629
0.402, 5.927268, 0.5800653, 0.9646497
0.403, 5.917496, 0.579244, 0.9645376
0.404, 5.907723, 0.5784209, 0.9644264
0.405, 5.897948, 0.577596, 0.9643162
0.406, 5.888171, 0.5767694, 0.9642069
0.407, 5.878393, 0.5759411, 0.9640987
0.408, 5.868613, 0.5751111, 0.9639913
0.409, 5.858831, 0.5742793, 0.9638849
0.41, 5.849047, 0.5734459, 0.9637795
0.411, 5.839262, 0.5726109, 0.963675
0.412, 5.829475, 0.5717742, 0.9635713
0.413, 5.819687, 0.5709359, 0.9634686
0.414, 5.809897, 0.5700959, 0.9633668
0.415, 5.800105, 0.5692544, 0.9632659
0.416, 5.790312, 0.5684113, 0.9631659
0.417, 5.780517, 0.5675667, 0.9630667
0.418, 5.770721, 0.5667205, 0.9629684
0.419, 5.760923, 0.5658727, 0.962871
0.42, 5.751123, 0.5650235, 0.9627744
0.421, 5.741323, 0.5641727, 0.9626786
0.422, 5.73152, 0.5633205, 0.9625837
0.423, 5.721716, 0.5624668, 0.9624896
0.424, 5.711911, 0.5616117, 0.9623964
0.425, 5.702104, 0.5607551, 0.9623039
0.426, 5.692296, 0.559897, 0.9622123
0.427, 5.682487, 0.5590376, 0.9621214
0.428, 5.672676, 0.5581768, 0.9620313
0.429, 5.662863, 0.5573146, 0.961942
0.43, 5.65305, 0.556451, 0.9618535
0.431, 5.643235, 0.555586, 0.9617658
0.432, 5.633418, 0.5547197, 0.9616788
0.433, 5.6236, 0.5538521, 0.9615926
0.434, 5.613781, 0.5529832, 0.9615071
0.435, 5.603961, 0.5521129, 0.9614224
0.436, 5.594139, 0.5512414, 0.9613383
0.437, 5.584316, 0.5503686, 0.9612551
0.438, 5.574492, 0.5494945, 0.9611725
0.439, 5.564667, 0.5486192, 0.9610906
0.44, 5.55484, 0.5477426, 0.9610095
0.441, 5.545012, 0.5468648, 0.960929
0.442, 5.535183, 0.5459858, 0.9608493
0.443, 5.525353, 0.5451056, 0.9607702
0.444, 5.515521, 0.5442242, 0.9606918
0.445, 5.505688, 0.5433416, 0.9606141
0.446, 5.495854, 0.5424579, 0.9605371
0.447, 5.486019, 0.541573, 0.9604607
0.448, 5.476183, 0.5406869, 0.960385
0.449, 5.466346, 0.5397997, 0.9603099
0.45, 5.456508, 0.5389114, 0.9602355
0.451, 5.446668, 0.538022, 0.9601617
0.452, 5.436827, 0.5371315, 0.9600885
0.453, 5.426986, 0.5362399, 0.960016
0.454, 5.417143, 0.5353472, 0.959944
0.455, 5.407299, 0.5344535, 0.9598727
0.456, 5.397454, 0.5335586, 0.9598021
0.457, 5.387608, 0.5326628, 0.959732
0.458, 5.377761, 0.5317659, 0.9596625
0.459, 5.367913, 0.530868, 0.9595936
0.46, 5.358064, 0.529969, 0.9595253
0.461, 5.348214, 0.5290691, 0.9594576
0.462, 5.338363, 0.5281682, 0.9593904
0.463, 5.328511, 0.5272663, 0.9593238
0.464, 5.318658, 0.5263634, 0.9592578
0.465, 5.308804, 0.5254595, 0.9591924
0.466, 5.298949, 0.5245547, 0.9591275
0.467, 5.289093, 0.5236489, 0.9590631
0.468, 5.279236, 0.5227422, 0.9589993
0.469, 5.269378, 0.5218346, 0.9589361
0.47, 5.25952, 0.5209261, 0.9588734
0.471, 5.24966, 0.5200166, 0.9588112
0.472, 5.239799, 0.5191063, 0.9587495
0.473, 5.229938, 0.518195, 0.9586884
0.474, 5.220076, 0.5172829, 0.9586278
0.475, 5.210213, 0.5163699, 0.9585677
0.476, 5.200349, 0.515456, 0.958508
0.477, 5.190484, 0.5145413, 0.958449
0.478, 5.180618, 0.5136257, 0.9583904
0.479, 5.170752, 0.5127093, 0.9583322
0.48, 5.160884, 0.511792, 0.9582746
0.481, 5.151016, 0.510874, 0.9582175
0.482, 5.141147, 0.5099551, 0.9581608
0.483, 5.131277, 0.5090354, 0.9581047
0.484, 5.121407, 0.5081149, 0.958049
0.485, 5.111535, 0.5071936, 0.9579937
0.486, 5.101663, 0.5062716, 0.957939
0.487, 5.09179, 0.5053487, 0.9578846
0.488, 5.081916, 0.5044251, 0.9578308
0.489, 5.072042, 0.5035008, 0.9577774
0.49, 5.062167, 0.5025757, 0.9577244
0.491, 5.052291, 0.5016498, 0.9576719
0.492, 5.042414, 0.5007232, 0.9576198
0.493, 5.032536, 0.4997959, 0.9575682
0.494, 5.022658, 0.4988678, 0.957517
0.495, 5.012779, 0.4979391, 0.9574662
0.496, 5.0029, 0.4970096, 0.9574158
0.497, 4.993019, 0.4960794, 0.9573659
0.498, 4.983138, 0.4951485, 0.9573164
0.499, 4.973257, 0.494217, 0.9572672
0.5, 4.963374, 0.4932848, 0.9572185
0.501, 4.953491, 0.4923518, 0.9571702
0.502, 4.943608, 0.4914183, 0.9571223
0.503, 4.933723, 0.490484, 0.9570748
0.504, 4.923838, 0.4895491, 0.9570277
0.505, 4.913953, 0.4886136, 0.956981
0.506, 4.904066, 0.4876774, 0.9569347
0.507, 4.894179, 0.4867406, 0.9568887
0.508, 4.884292, 0.4858032, 0.9568431
0.509, 4.874404, 0.4848651, 0.9567979
0.51, 4.864515, 0.4839264, 0.9567531
0.511, 4.854625, 0.4829871, 0.9567087
0.512, 4.844735, 0.4820472, 0.9566646
0.513, 4.834845, 0.4811067, 0.9566209
0.514, 4.824953, 0.4801656, 0.9565775
0.515, 4.815062, 0.479224, 0.9565345
0.516, 4.805169, 0.4782817, 0.9564918
0.517, 4.795276, 0.4773389, 0.9564495
0.518, 4.785383, 0.4763955, 0.9564076
0.519, 4.775489, 0.4754516, 0.9563659
0.52, 4.765594, 0.474507, 0.9563247
0.521, 4.755699, 0.473562, 0.9562837
0.522, 4.745803, 0.4726164, 0.9562431
0.523, 4.735907, 0.4716702, 0.9562028
0.524, 4.72601, 0.4707235, 0.9561629
0.525, 4.716113, 0.4697763, 0.9561233
0.526, 4.706215, 0.4688286, 0.956084
0.527, 4.696316, 0.4678803, 0.956045
0.528, 4.686418, 0.4669315, 0.9560063
0.529, 4.676518, 0.4659823, 0.955968
0.53, 4.666618, 0.4650325, 0.95593
0.531, 4.656718, 0.4640822, 0.9558922
0.532, 4.646817, 0.4631314, 0.9558548
0.533, 4.636915, 0.4621801, 0.9558177
0.534, 4.627014, 0.4612284, 0.9557809
0.535, 4.617111, 0.4602761, 0.9557443
0.536, 4.607208, 0.4593234, 0.9557081
0.537, 4.597305, 0.4583702, 0.9556722
0.538, 4.587401, 0.4574166, 0.9556365
0.539, 4.577497, 0.4564625, 0.9556012
0.54, 4.567592, 0.4555079, 0.9555661
0.541, 4.557687, 0.4545529, 0.9555313
0.542, 4.547782, 0.4535975, 0.9554968
0.543, 4.537876, 0.4526416, 0.9554625
0.544, 4.527969, 0.4516852, 0.9554286
0.545, 4.518062, 0.4507284, 0.9553949
0.546, 4.508155, 0.4497712, 0.9553614
0.547, 4.498247, 0.4488136, 0.9553283
0.548, 4.488339, 0.4478555, 0.9552954
0.549, 4.47843, 0.4468971, 0.9552627
0.55, 4.468521, 0.4459382, 0.9552304
0.551, 4.458612, 0.4449789, 0.9551982
0.552, 4.448702, 0.4440192, 0.9551664
0.553, 4.438792, 0.4430591, 0.9551348
0.554, 4.428881, 0.4420986, 0.9551034
0.555, 4.41897, 0.4411377, 0.9550723
0.556, 4.409059, 0.4401765, 0.9550414
0.557, 4.399147, 0.4392148, 0.9550108
0.558, 4.389235, 0.4382528, 0.9549804
0.559, 4.379322, 0.4372904, 0.9549502
0.56, 4.369409, 0.4363276, 0.9549203
0.561, 4.359496, 0.4353644, 0.9548907
0.562, 4.349582, 0.4344009, 0.9548612
0.563, 4.339668, 0.433437, 0.954832
0.564, 4.329754, 0.4324727, 0.954803
0.565, 4.319839, 0.4315081, 0.9547743
0.566, 4.309924, 0.4305432, 0.9547457
0.567, 4.300009, 0.4295779, 0.9547174
0.568, 4.290093, 0.4286122, 0.9546893
0.569, 4.280177, 0.4276462, 0.9546615
0.57, 4.27026, 0.4266799, 0.9546338
0.571, 4.260344, 0.4257133, 0.9546063
0.572, 4.250427, 0.4247463, 0.9545791
0.573, 4.240509, 0.4237789, 0.9545521
0.574, 4.230591, 0.4228113, 0.9545253
0.575, 4.220673, 0.4218433, 0.9544987
0.576, 4.210755, 0.420875, 0.9544723
0.577, 4.200836, 0.4199064, 0.9544461
0.578, 4.190917, 0.4189375, 0.9544201
0.579, 4.180998, 0.4179683, 0.9543943
0.58, 4.171078, 0.4169988, 0.9543687
0.581, 4.161158, 0.4160289, 0.9543432
0.582, 4.151238, 0.4150588, 0.954318
0.583, 4.141317, 0.4140884, 0.954293
0.584, 4.131396, 0.4131177, 0.9542682
0.585, 4.121475, 0.4121467, 0.9542435
0.586, 4.111554, 0.4111754, 0.9542191
0.587, 4.101632, 0.4102038, 0.9541948
0.588, 4.09171, 0.4092319, 0.9541707
0.589, 4.081788, 0.4082598, 0.9541468
0.59, 4.071865, 0.4072873, 0.9541231
0.591, 4.061943, 0.4063146, 0.9540995
0.592, 4.052019, 0.4053417, 0.9540761
0.593, 4.042096, 0.4043684, 0.9540529
0.594, 4.032172, 0.4033949, 0.9540299
0.595, 4.022249, 0.4024212, 0.954007
0.596, 4.012324, 0.4014471, 0.9539843
0.597, 4.0024, 0.4004729, 0.9539618
0.598, 3.992475, 0.3994983, 0.9539395
0.599, 3.98255, 0.3985235, 0.9539173
0.6, 3.972625, 0.3975485, 0.9538953
0.601, 3.9627, 0.3965732, 0.9538734
0.602, 3.952774, 0.3955977, 0.9538517
0.603, 3.942848, 0.3946219, 0.9538301
0.604, 3.932922, 0.3936459, 0.9538088
0.605, 3.922996, 0.3926696, 0.9537875
0.606, 3.913069, 0.3916931, 0.9537665
0.607, 3.903142, 0.3907164, 0.9537455
0.608, 3.893215, 0.3897394, 0.9537248
0.609, 3.883288, 0.3887622, 0.9537041
0.61, 3.87336, 0.3877848, 0.9536837
0.611, 3.863432, 0.3868072, 0.9536633
0.612, 3.853504, 0.3858293, 0.9536432
0.613, 3.843576, 0.3848512, 0.9536231
0.614, 3.833648, 0.383873, 0.9536032
0.615, 3.823719, 0.3828944, 0.9535835
0.616, 3.81379, 0.3819157, 0.9535639
0.617, 3.803861, 0.3809368, 0.9535444
0.618, 3.793932, 0.3799576, 0.9535251
0.619, 3.784003, 0.3789783, 0.9535059
0.62, 3.774073, 0.3779987, 0.9534868
0.621, 3.764143, 0.377019, 0.9534679
0.622, 3.754213, 0.376039, 0.9534491
0.623, 3.744283, 0.3750588, 0.9534305
0.624, 3.734352, 0.3740785, 0.9534119
0.625, 3.724421, 0.3730979, 0.9533935
0.626, 3.714491, 0.3721172, 0.9533752
0.627, 3.704559, 0.3711362, 0.9533571
0.628, 3.694628, 0.3701551, 0.9533391
0.629, 3.684697, 0.3691738, 0.9533212
0.63, 3.674765, 0.3681923, 0.9533034
0.631, 3.664833, 0.3672106, 0.9532857
0.632, 3.654901, 0.3662287, 0.9532682
0.633, 3.644969, 0.3652467, 0.9532508
0.634, 3.635037, 0.3642645, 0.9532335
0.635, 3.625104, 0.3632821, 0.9532163
0.636, 3.615172, 0.3622995, 0.9531992
0.637, 3.605239, 0.3613168, 0.9531823
0.638, 3.595306, 0.3603338, 0.9531654
0.639, 3.585372, 0.3593508, 0.9531487
0.64, 3.575439, 0.3583675, 0.9531321
0.641, 3.565505, 0.3573841, 0.9531156
0.642, 3.555572, 0.3564005, 0.9530992
0.643, 3.545638, 0.3554167, 0.9530829
0.644, 3.535704, 0.3544328, 0.9530667
0.645, 3.52577, 0.3534488, 0.9530506
0.646, 3.515835, 0.3524645, 0.9530347
0.647, 3.505901, 0.3514801, 0.9530188
0.648, 3.495966, 0.3504956, 0.953003
0.649, 3.486031, 0.3495109, 0.9529874
0.65, 3.476096, 0.3485261, 0.9529718
0.651, 3.466161, 0.3475411, 0.9529563
0.652, 3.456226, 0.3465559, 0.952941
0.653, 3.446291, 0.3455706, 0.9529257
0.654, 3.436355, 0.3445852, 0.9529105
0.655, 3.426419, 0.3435996, 0.9528954
0.656, 3.416483, 0.3426139, 0.9528804
0.657, 3.406547, 0.341628, 0.9528656
0.658, 3.396611, 0.340642, 0.9528508
0.659, 3.386675, 0.3396559, 0.952836
0.66, 3.376739, 0.3386696, 0.9528214
0.661, 3.366802, 0.3376832, 0.9528069
0.662, 3.356865, 0.3366966, 0.9527924
0.663, 3.346929, 0.3357099, 0.9527781
0.664, 3.336992, 0.3347231, 0.9527638
0.665, 3.327054, 0.3337362, 0.9527496
0.666, 3.317117, 0.3327491, 0.9527355
0.667, 3.30718, 0.3317619, 0.9527215
0.668, 3.297242, 0.3307745, 0.9527076
0.669, 3.287305, 0.3297871, 0.9526937
0.67, 3.277367, 0.3287995, 0.9526799
0.671, 3.267429, 0.3278118, 0.9526662
0.672, 3.257491, 0.326824, 0.9526526
0.673, 3.247553, 0.325836, 0.9526391
0.674, 3.237615, 0.324848, 0.9526256
0.675, 3.227677, 0.3238598, 0.9526123
0.676, 3.217738, 0.3228715, 0.9525989
0.677, 3.2078, 0.321883, 0.9525857
0.678, 3.197861, 0.3208945, 0.9525725
0.679, 3.187922, 0.3199059, 0.9525595
0.68, 3.177983, 0.3189171, 0.9525464
0.681, 3.168044, 0.3179282, 0.9525335
0.682, 3.158105, 0.3169392, 0.9525206
0.683, 3.148166, 0.3159502, 0.9525078
0.684, 3.138227, 0.314961, 0.9524951
0.685, 3.128287, 0.3139716, 0.9524824
0.686, 3.118348, 0.3129822, 0.9524698
0.687, 3.108408, 0.3119927, 0.9524572
0.688, 3.098468, 0.3110031, 0.9524448
0.689, 3.088529, 0.3100134, 0.9524324
0.69, 3.078589, 0.3090235, 0.95242
0.691, 3.068649, 0.3080336, 0.9524077
0.692, 3.058708, 0.3070436, 0.9523955
0.693, 3.048768, 0.3060535, 0.9523833
0.694, 3.038828, 0.3050632, 0.9523712
0.695, 3.028887, 0.3040729, 0.9523592
0.696, 3.018947, 0.3030825, 0.9523472
0.697, 3.009006, 0.302092, 0.9523353
0.698, 2.999065, 0.3011014, 0.9523234
0.699, 2.989125, 0.3001107, 0.9523116
0.7, 2.979184, 0.2991199, 0.9522998
0.701, 2.969243, 0.298129, 0.9522881
0.702, 2.959302, 0.297138, 0.9522765
0.703, 2.94936, 0.296147, 0.9522649
0.704, 2.939419, 0.2951558, 0.9522533
0.705, 2.929478, 0.2941646, 0.9522418
0.706, 2.919536, 0.2931733, 0.9522304
0.707, 2.909595, 0.2921819, 0.952219
0.708, 2.899653, 0.2911904, 0.9522076
0.709, 2.889711, 0.2901988, 0.9521963
0.71, 2.87977, 0.2892071, 0.9521851
0.711, 2.869828, 0.2882154, 0.9521739
0.712, 2.859886, 0.2872236, 0.9521627
0.713, 2.849944, 0.2862317, 0.9521516
0.714, 2.840002, 0.2852397, 0.9521405
0.715, 2.830059, 0.2842476, 0.9521295
0.716, 2.820117, 0.2832555, 0.9521185
0.717, 2.810175, 0.2822632, 0.9521076
0.718, 2.800232, 0.2812709, 0.9520967
0.719, 2.79029, 0.2802786, 0.9520858
0.72, 2.780347, 0.2792861, 0.952075
0.721, 2.770405, 0.2782936, 0.9520642
0.722, 2.760462, 0.277301, 0.9520535
0.723, 2.750519, 0.2763083, 0.9520428
0.724, 2.740576, 0.2753156, 0.9520321
0.725, 2.730633, 0.2743227, 0.9520215
0.726, 2.72069, 0.2733299, 0.9520109
0.727, 2.710747, 0.2723369, 0.9520003
0.728, 2.700804, 0.2713439, 0.9519898
0.729, 2.690861, 0.2703508, 0.9519793
0.73, 2.680918, 0.2693576, 0.9519688
0.731, 2.670974, 0.2683644, 0.9519584
0.732, 2.661031, 0.2673711, 0.951948
0.733, 2.651087, 0.2663777, 0.9519376
0.734, 2.641144, 0.2653843, 0.9519273
0.735, 2.6312, 0.2643908, 0.951917
0.736, 2.621256, 0.2633972, 0.9519067
0.737, 2.611313, 0.2624036, 0.9518964
0.738, 2.601369, 0.2614099, 0.9518862
0.739, 2.591425, 0.2604162, 0.951876
0.74, 2.581481, 0.2594223, 0.9518658
0.741, 2.571537, 0.2584285, 0.9518557
0.742, 2.561593, 0.2574345, 0.9518455
0.743, 2.551649, 0.2564405, 0.9518354
0.744, 2.541705, 0.2554465, 0.9518253
0.745, 2.53176, 0.2544524, 0.9518153
0.746, 2.521816, 0.2534582, 0.9518052
0.747, 2.511872, 0.252464, 0.9517952
0.748, 2.501927, 0.2514697, 0.9517852
0.749, 2.491983, 0.2504754, 0.9517752
0.75, 2.482038, 0.249481, 0.9517652
0.751, 2.472094, 0.2484865, 0.9517553
0.752, 2.462149, 0.247492, 0.9517453
0.753, 2.452204, 0.2464974, 0.9517354
0.754, 2.44226, 0.2455028, 0.9517255
0.755, 2.432315, 0.2445082, 0.9517156
0.756, 2.42237, 0.2435134, 0.9517057
0.757, 2.412425, 0.2425187, 0.9516958
0.758, 2.40248, 0.2415239, 0.951686
0.759, 2.392535, 0.240529, 0.9516761
0.76, 2.38259, 0.2395341, 0.9516663
0.761, 2.372645, 0.2385391, 0.9516564
0.762, 2.3627, 0.2375441, 0.9516466
0.763, 2.352755, 0.236549, 0.9516368
0.764, 2.342809, 0.2355539, 0.951627
0.765, 2.332864, 0.2345587, 0.9516172
0.766, 2.322919, 0.2335635, 0.9516074
0.767, 2.312973, 0.2325682, 0.9515976
0.768, 2.303028, 0.2315729, 0.9515878
0.769, 2.293082, 0.2305775, 0.951578
0.77, 2.283137, 0.2295821, 0.9515682
0.771, 2.273191, 0.2285867, 0.9515584
0.772, 2.263246, 0.2275912, 0.9515486
0.773, 2.2533, 0.2265957, 0.9515388
0.774, 2.243354, 0.2256001, 0.9515291
0.775, 2.233409, 0.2246044, 0.9515193
0.776, 2.223463, 0.2236088, 0.9515095
0.777, 2.213517, 0.2226131, 0.9514997
0.778, 2.203571, 0.2216173, 0.9514898
0.779, 2.193625, 0.2206215, 0.95148
0.78, 2.183679, 0.2196257, 0.9514702
0.781, 2.173733, 0.2186298, 0.9514604
0.782, 2.163787, 0.2176339, 0.9514505
0.783, 2.153841, 0.2166379, 0.9514407
0.784, 2.143895, 0.2156419, 0.9514308
0.785, 2.133949, 0.2146459, 0.9514209
0.786, 2.124003, 0.2136498, 0.9514111
0.787, 2.114056, 0.2126537, 0.9514012
0.788, 2.10411, 0.2116575, 0.9513912
0.789, 2.094164, 0.2106614, 0.9513813
0.79, 2.084217, 0.2096651, 0.9513714
0.791, 2.074271, 0.2086689, 0.9513614
0.792, 2.064325, 0.2076726, 0.9513514
0.793, 2.054378, 0.2066762, 0.9513414
0.794, 2.044432, 0.2056798, 0.9513314
0.795, 2.034485, 0.2046834, 0.9513213
0.796, 2.024538, 0.203687, 0.9513112
0.797, 2.014592, 0.2026905, 0.9513011
0.798, 2.004645, 0.201694, 0.951291
0.799, 1.994699, 0.2006974, 0.9512809
0.8, 1.984752, 0.1997009, 0.9512707
0.801, 1.974805, 0.1987042, 0.9512605
0.802, 1.964858, 0.1977076, 0.9512502
0.803, 1.954911, 0.1967109, 0.95124
0.804, 1.944965, 0.1957142, 0.9512297
0.805, 1.935018, 0.1947174, 0.9512193
0.806, 1.925071, 0.1937207, 0.951209
0.807, 1.915124, 0.1927239, 0.9511986
0.808, 1.905177, 0.191727, 0.9511881
0.809, 1.89523, 0.1907301, 0.9511776
0.81, 1.885283, 0.1897332, 0.9511671
0.811, 1.875336, 0.1887363, 0.9511565
0.812, 1.865389, 0.1877393, 0.9511459
0.813, 1.855442, 0.1867423, 0.9511353
0.814, 1.845494, 0.1857453, 0.9511246
0.815, 1.835547, 0.1847483, 0.9511138
0.816, 1.8256, 0.1837512, 0.951103
0.817, 1.815653, 0.1827541, 0.9510922
0.818, 1.805706, 0.1817569, 0.9510813
0.819, 1.795758, 0.1807598, 0.9510703
0.82, 1.785811, 0.1797626, 0.9510593
0.821, 1.775864, 0.1787654, 0.9510483
0.822, 1.765916, 0.1777681, 0.9510372
0.823, 1.755969, 0.1767708, 0.951026
0.824, 1.746021, 0.1757735, 0.9510147
0.825, 1.736074, 0.1747762, 0.9510034
0.826, 1.726126, 0.1737788, 0.9509921
0.827, 1.716179, 0.1727815, 0.9509806
0.828, 1.706231, 0.1717841, 0.9509691
0.829, 1.696284, 0.1707866, 0.9509576
0.83, 1.686336, 0.1697892, 0.9509459
0.831, 1.676389, 0.1687917, 0.9509342
0.832, 1.666441, 0.1677942, 0.9509224
0.833, 1.656493, 0.1667966, 0.9509105
0.834, 1.646546, 0.1657991, 0.9508986
0.835, 1.636598, 0.1648015, 0.9508866
0.836, 1.62665, 0.1638039, 0.9508744
0.837, 1.616702, 0.1628063, 0.9508622
0.838, 1.606755, 0.1618086, 0.9508499
0.839, 1.596807, 0.160811, 0.9508376
0.84, 1.586859, 0.1598133, 0.9508251
0.841, 1.576911, 0.1588156, 0.9508125
0.842, 1.566963, 0.1578178, 0.9507998
0.843, 1.557015, 0.1568201, 0.9507871
0.844, 1.547068, 0.1558223, 0.9507742
0.845, 1.53712, 0.1548245, 0.9507612
0.846, 1.527172, 0.1538266, 0.9507481
0.847, 1.517224, 0.1528288, 0.9507349
0.848, 1.507276, 0.1518309, 0.9507216
0.849, 1.497328, 0.150833, 0.9507082
0.85, 1.48738, 0.1498351, 0.9506946
0.851, 1.477432, 0.1488372, 0.9506809
0.852, 1.467483, 0.1478392, 0.9506671
0.853, 1.457535, 0.1468413, 0.9506532
0.854, 1.447587, 0.1458433, 0.9506392
0.855, 1.437639, 0.1448453, 0.950625
0.856, 1.427691, 0.1438472, 0.9506106
0.857, 1.417743, 0.1428492, 0.9505961
0.858, 1.407795, 0.1418511, 0.9505815
0.859, 1.397846, 0.140853, 0.9505667
0.86, 1.387898, 0.1398549, 0.9505518
0.861, 1.37795, 0.1388568, 0.9505367
0.862, 1.368002, 0.1378587, 0.9505215
0.863, 1.358053, 0.1368605, 0.9505061
0.864, 1.348105, 0.1358623, 0.9504905
0.865, 1.338157, 0.1348641, 0.9504747
0.866, 1.328208, 0.1338659, 0.9504588
0.867, 1.31826, 0.1328677, 0.9504427
0.868, 1.308312, 0.1318695, 0.9504264
0.869, 1.298363, 0.1308712, 0.9504099
0.87, 1.288415, 0.1298729, 0.9503932
0.871, 1.278466, 0.1288746, 0.9503763
0.872, 1.268518, 0.1278763, 0.9503592
0.873, 1.25857, 0.126878, 0.9503418
0.874, 1.248621, 0.1258796, 0.9503243
0.875, 1.238673, 0.1248813, 0.9503065
0.876, 1.228724, 0.1238829, 0.9502885
0.877, 1.218776, 0.1228845, 0.9502703
0.878, 1.208827, 0.1218861, 0.9502518
0.879, 1.198878, 0.1208877, 0.9502331
0.88, 1.18893, 0.1198892, 0.9502141
0.881, 1.178981, 0.1188908, 0.9501948
0.882, 1.169033, 0.1178923, 0.9501753
0.883, 1.159084, 0.1168938, 0.9501555
0.884, 1.149135, 0.1158953, 0.9501354
0.885, 1.139187, 0.1148968, 0.950115
0.886, 1.129238, 0.1138983, 0.9500943
0.887, 1.119289, 0.1128997, 0.9500733
0.888, 1.109341, 0.1119012, 0.950052
0.889, 1.099392, 0.1109026, 0.9500303
0.89, 1.089443, 0.109904, 0.9500083
0.891, 1.079495, 0.1089054, 0.949986
0.892, 1.069546, 0.1079068, 0.9499633
0.893, 1.059597, 0.1069082, 0.9499402
0.894, 1.049648, 0.1059095, 0.9499167
0.895, 1.0397, 0.1049109, 0.9498929
0.896, 1.029751, 0.1039122, 0.9498686
0.897, 1.019802, 0.1029136, 0.9498439
0.898, 1.009853, 0.1019149, 0.9498188
0.899, 0.9999044, 0.1009162, 0.9497933
0.9, 0.9899555, 0.09991745, 0.9497672
0.901, 0.9800067, 0.09891872, 0.9497407
0.902, 0.9700578, 0.09791998, 0.9497138
0.903, 0.9601089, 0.09692123, 0.9496863
0.904, 0.95016, 0.09592247, 0.9496583
0.905, 0.9402111, 0.0949237, 0.9496298
0.906, 0.9302622, 0.09392491, 0.9496007
0.907, 0.9203133, 0.09292611, 0.949571
0.908, 0.9103643, 0.0919273, 0.9495408
0.909, 0.9004154, 0.09092848, 0.9495099
0.91, 0.8904664, 0.08992965, 0.9494784
0.911, 0.8805174, 0.0889308, 0.9494462
0.912, 0.8705685, 0.08793195, 0.9494134
0.913, 0.8606195, 0.08693308, 0.9493799
0.914, 0.8506705, 0.08593421, 0.9493456
0.915, 0.8407215, 0.08493532, 0.9493106
0.916, 0.8307724, 0.08393642, 0.9492748
0.917, 0.8208234, 0.08293752, 0.9492382
0.918, 0.8108743, 0.0819386, 0.9492007
0.919, 0.8009253, 0.08093967, 0.9491624
0.92, 0.7909762, 0.07994073, 0.9491232
0.921, 0.7810271, 0.07894178, 0.949083
0.922, 0.771078, 0.07794282, 0.9490419
0.923, 0.761129, 0.07694385, 0.9489997
0.924, 0.7511798, 0.07594487, 0.9489565
0.925, 0.7412307, 0.07494588, 0.9489122
0.926, 0.7312816, 0.07394689, 0.9488667
0.927, 0.7213325, 0.07294788, 0.94882
0.928, 0.7113833, 0.07194886, 0.9487721
0.929, 0.7014342, 0.07094983, 0.9487229
0.93, 0.691485, 0.0699508, 0.9486724
0.931, 0.6815358, 0.06895175, 0.9486204
0.932, 0.6715866, 0.0679527, 0.9485669
0.933, 0.6616374, 0.06695364, 0.948512
0.934, 0.6516882, 0.06595456, 0.9484553
0.935, 0.641739, 0.06495548, 0.948397
0.936, 0.6317898, 0.06395639, 0.948337
0.937, 0.6218406, 0.0629573, 0.9482751
0.938, 0.6118914, 0.06195819, 0.9482112
0.939, 0.6019421, 0.06095908, 0.9481453
0.94, 0.5919929, 0.05995995, 0.9480772
0.941, 0.5820436, 0.05896082, 0.9480069
0.942, 0.5720943, 0.05796168, 0.9479342
0.943, 0.5621451, 0.05696253, 0.947859
0.944, 0.5521958, 0.05596338, 0.9477812
0.945, 0.5422465, 0.05496421, 0.9477006
0.946, 0.5322972, 0.05396504, 0.947617
0.947, 0.5223479, 0.05296586, 0.9475304
0.948, 0.5123986, 0.05196668, 0.9474405
0.949, 0.5024492, 0.05096748, 0.947347
0.95, 0.4924999, 0.04996828, 0.9472499
0.951, 0.4825506, 0.04896907, 0.9471489
0.952, 0.4726012, 0.04796985, 0.9470437
0.953, 0.4626519, 0.04697063, 0.9469341
0.954, 0.4527025, 0.04597139, 0.9468197
0.955, 0.4427531, 0.04497216, 0.9467003
0.956, 0.4328038, 0.04397291, 0.9465755
0.957, 0.4228544, 0.04297366, 0.9464449
0.958, 0.412905, 0.0419744, 0.9463082
0.959, 0.4029556, 0.04097513, 0.9461648
0.96, 0.3930062, 0.03997586, 0.9460143
0.961, 0.3830568, 0.03897657, 0.945856
0.962, 0.3731074, 0.03797729, 0.9456895
0.963, 0.3631579, 0.03697799, 0.9455139
0.964, 0.3532085, 0.03597869, 0.9453286
0.965, 0.3432591, 0.03497939, 0.9451327
0.966, 0.3333096, 0.03398007, 0.9449253
0.967, 0.3233602, 0.03298075, 0.9447053
0.968, 0.3134107, 0.03198143, 0.9444715
0.969, 0.3034613, 0.03098209, 0.9442226
0.97, 0.2935118, 0.02998275, 0.943957
0.971, 0.2835623, 0.02898341, 0.943673
0.972, 0.2736128, 0.02798406, 0.9433686
0.973, 0.2636634, 0.0269847, 0.9430415
0.974, 0.2537139, 0.02598534, 0.9426891
0.975, 0.2437644, 0.02498597, 0.9423082
0.976, 0.2338149, 0.0239866, 0.9418954
0.977, 0.2238654, 0.02298722, 0.9414463
0.978, 0.2139158, 0.02198783, 0.940956
0.979, 0.2039663, 0.02098844, 0.9404185
0.98, 0.1940168, 0.01998904, 0.9398266
0.981, 0.1840673, 0.01898964, 0.9391716
0.982, 0.1741177, 0.01799023, 0.9384427
0.983, 0.1641682, 0.01699082, 0.9376268
0.984, 0.1542186, 0.0159914, 0.9367073
0.985, 0.1442691, 0.01499197, 0.9356629
0.986, 0.1343195, 0.01399254, 0.9344664
0.987, 0.12437, 0.01299311, 0.933082
0.988, 0.1144204, 0.01199367, 0.9314613
0.989, 0.1044708, 0.01099422, 0.9295384
0.99, 0.09452125, 0.009994771, 0.9272199
0.991, 0.08457166, 0.008995316, 0.9243695
0.992, 0.07462207, 0.007995856, 0.9207802
0.993, 0.06467248, 0.00699639, 0.9161218
0.994, 0.05472288, 0.00599692, 0.9098321
0.995, 0.04477328, 0.004997445, 0.9008712
0.996, 0.03482367, 0.003997966, 0.8870739
0.997, 0.02487405, 0.002998481, 0.8630581
0.998, 0.01492444, 0.001998992, 0.8106344
0.999, 0.004974814, 0.0009994983, 0.5995895
