0.01, 4.230835, 0.08516304, 1.687344
0.02, 8.452623, 0.1612702, 1.711071
0.03, 8.435387, 0.2291831, 1.55396
0.04, 8.410743, 0.2896818, 1.447692
0.05, 8.379396, 0.3434716, 1.369145
0.06, 8.341984, 0.3911911, 1.308021
0.07, 8.299083, 0.4334179, 1.258829
0.08, 8.251217, 0.4706747, 1.218289
0.09, 8.198857, 0.5034344, 1.18429
0.1, 8.142432, 0.5321251, 1.155388
0.11, 8.082328, 0.5571339, 1.130558
0.12, 8.018895, 0.5788112, 1.109041
0.13, 7.95245, 0.5974741, 1.090262
0.14, 7.88328, 0.6134094, 1.073776
0.15, 7.811644, 0.6268766, 1.059231
0.16, 7.737777, 0.6381107, 1.046342
0.17, 7.66189, 0.6473242, 1.034879
0.18, 7.584177, 0.6547093, 1.024651
0.19, 7.504811, 0.66044, 1.0155
0.2, 7.423949, 0.6646738, 1.007292
0.21, 7.341734, 0.6675531, 0.9999121
0.22, 7.258294, 0.6692068, 0.9932649
0.23, 7.173746, 0.6697516, 0.9872664
0.24, 7.088196, 0.6692929, 0.9818446
0.25, 7.001738, 0.6679264, 0.9769366
0.26, 6.91446, 0.6657382, 0.9724877
0.27, 6.826439, 0.6628067, 0.9684498
0.28, 6.737746, 0.6592026, 0.9647806
0.29, 6.648444, 0.6549899, 0.9614426
0.3, 6.558593, 0.6502266, 0.9584027
0.31, 6.468243, 0.6449649, 0.9556315
0.32, 6.377444, 0.6392523, 0.9531027
0.33, 6.286236, 0.6331318, 0.9507929
0.34, 6.19466, 0.6266422, 0.948681
0.35, 6.10275, 0.6198185, 0.9467483
0.36, 6.010538, 0.6126926, 0.9449778
0.37, 5.918052, 0.6052933, 0.9433543
0.38, 5.82532, 0.5976465, 0.9418641
0.39, 5.732364, 0.5897758, 0.9404948
0.4, 5.639205, 0.5817025, 0.9392351
0.41, 5.545863, 0.5734459, 0.9380751
0.42, 5.452356, 0.5650235, 0.9370053
0.43, 5.358698, 0.556451, 0.9360176
0.44, 5.264905, 0.5477426, 0.9351043
0.45, 5.170989, 0.5389114, 0.9342584
0.46, 5.076962, 0.529969, 0.9334738
0.47, 4.982834, 0.5209261, 0.9327446
0.48, 4.888616, 0.511792, 0.9320655
0.49, 4.794315, 0.5025757, 0.9314319
0.5, 4.69994, 0.4932848, 0.9308392
0.51, 4.605497, 0.4839264, 0.9302834
0.52, 4.510993, 0.474507, 0.9297608
0.53, 4.416435, 0.4650325, 0.929268
0.54, 4.321826, 0.4555079, 0.9288016
0.55, 4.227172, 0.4459382, 0.9283589
0.56, 4.132477, 0.4363276, 0.9279369
0.57, 4.037746, 0.4266799, 0.9275332
0.58, 3.94298, 0.4169988, 0.9271453
0.59, 3.848185, 0.4072873, 0.9267708
0.6, 3.753362, 0.3975485, 0.9264077
0.61, 3.658515, 0.3877848, 0.9260538
0.62, 3.563644, 0.3779987, 0.9257072
0.63, 3.468754, 0.3681923, 0.9253657
0.64, 3.373845, 0.3583675, 0.9250275
0.65, 3.27892, 0.3485261, 0.9246907
0.66, 3.18398, 0.3386696, 0.9243534
0.67, 3.089026, 0.3287995, 0.9240135
0.68, 2.994059, 0.3189171, 0.9236691
0.69, 2.899082, 0.3090235, 0.923318
0.7, 2.804095, 0.2991199, 0.922958
0.71, 2.709098, 0.2892071, 0.9225868
0.72, 2.614093, 0.2792861, 0.9222017
0.73, 2.519081, 0.2693576, 0.9217998
0.74, 2.424062, 0.2594223, 0.9213782
0.75, 2.329036, 0.249481, 0.9209331
0.76, 2.234006, 0.2395341, 0.9204606
0.77, 2.13897, 0.2295821, 0.9199561
0.78, 2.04393, 0.2196257, 0.9194141
0.79, 1.948885, 0.2096651, 0.9188284
0.8, 1.853837, 0.1997009, 0.9181914
0.81, 1.758786, 0.1897332, 0.9174941
0.82, 1.663731, 0.1797626, 0.9167255
0.83, 1.568674, 0.1697892, 0.9158721
0.84, 1.473615, 0.1598133, 0.9149168
0.85, 1.378553, 0.1498351, 0.9138384
0.86, 1.283489, 0.1398549, 0.9126091
0.87, 1.188423, 0.1298729, 0.9111927
0.88, 1.093355, 0.1198892, 0.9095407
0.89, 0.9982863, 0.109904, 0.9075863
0.9, 0.903216, 0.09991745, 0.9052356
0.91, 0.8081444, 0.08992965, 0.9023514
0.92, 0.7130717, 0.07994073, 0.8987254
0.93, 0.617998, 0.0699508, 0.8940253
0.94, 0.5229233, 0.05995995, 0.8876854
0.95, 0.4278479, 0.04996828, 0.8786591
0.96, 0.3327717, 0.03997586, 0.8647671
0.97, 0.2376948, 0.02998275, 0.8405902
0.98, 0.1426173, 0.01998904, 0.7877987
0.99, 0.04753927, 0.009994771, 0.5747735
